latitude,longitude,pass_type,brightness_temp_19v
35.25,-13.0,descending,191.745
35.25,-12.75,descending,191.44
35.25,-12.5,descending,191.0075
35.25,-12.25,descending,190.725
35.25,-12.0,descending,190.56667
35.25,-11.75,descending,190.45332
35.25,-11.5,descending,190.48665
35.25,-11.25,descending,190.735
35.25,-11.0,descending,191.0
35.25,-10.75,descending,191.035
35.25,-10.5,descending,190.5775
35.25,-10.25,descending,189.65332
35.25,-10.0,descending,189.14998
35.25,-9.75,descending,188.98999
35.25,-9.5,descending,189.12666
35.25,-9.25,descending,189.33499
35.25,-9.0,descending,189.67499
35.25,-8.75,descending,189.83333
35.25,-8.5,descending,189.98
35.25,-8.25,descending,190.15332
35.25,-8.0,descending,190.26
35.25,-7.75,descending,190.23665
35.25,-7.5,descending,190.10333
35.25,-7.25,descending,190.04498
35.25,-7.0,descending,189.92
35.25,-6.75,descending,190.315
35.25,-6.5,descending,196.52998
35.25,-6.25,descending,230.6
35.25,-6.0,descending,262.06668
35.25,-5.75,descending,279.515
35.25,-5.5,descending,278.205
35.25,-5.25,descending,270.77997
35.25,-5.0,descending,258.1433
35.25,-4.75,descending,243.195
35.25,-4.5,descending,240.90001
35.25,-4.25,descending,239.03
35.25,-4.0,descending,239.19331
35.25,-3.75,descending,242.08499
35.25,-3.5,descending,242.2
35.25,-3.25,descending,244.81999
35.25,-3.0,descending,242.52666
35.25,-2.75,descending,232.85999
35.25,-2.5,descending,228.20667
35.25,-2.25,descending,225.02666
35.25,-2.0,descending,224.855
35.25,-1.75,descending,237.80666
35.25,-1.5,descending,253.19331
35.25,-1.25,descending,267.58
35.25,-1.0,descending,275.62
35.25,-0.75,descending,277.13998
35.25,-0.5,descending,278.91666
35.25,-0.25,descending,279.935
35.25,-0.0,descending,280.06665
35.25,0.25,descending,280.16998
35.25,0.5,descending,279.97498
35.25,0.75,descending,279.8633
35.25,1.0,descending,279.75998
35.25,1.25,descending,279.565
35.25,1.5,descending,279.065
35.25,1.75,descending,278.91333
35.25,2.0,descending,279.8825
35.25,2.25,descending,281.28198
35.25,2.5,descending,282.5525
35.25,2.75,descending,283.506
35.25,3.0,descending,283.798
35.25,3.25,descending,282.74667
35.25,3.5,descending,281.66284
35.25,3.75,descending,281.388
35.25,10.75,descending,266.66833
35.25,11.0,descending,255.30428
35.25,11.25,descending,233.908
35.25,11.5,descending,213.71399
35.25,11.75,descending,201.418
35.25,12.0,descending,197.67499
35.25,12.25,descending,197.045
35.25,12.5,descending,196.735
35.25,12.75,descending,196.35333
35.25,13.0,descending,196.01999
35.25,13.25,descending,195.76332
35.25,13.5,descending,195.51
35.25,13.75,descending,195.26
35.25,14.0,descending,194.94
35.25,14.25,descending,194.73
35.25,14.5,descending,194.61499
35.25,14.75,descending,194.58667
35.25,15.0,descending,194.565
35.25,15.25,descending,194.56999
35.25,15.5,descending,194.60999
35.25,15.75,descending,194.77332
35.25,16.0,descending,195.12
35.25,16.25,descending,195.245
35.25,16.5,descending,195.18999
35.25,16.75,descending,194.89333
35.25,17.0,descending,194.75
35.25,17.25,descending,194.16667
35.25,17.5,descending,193.73999
35.25,17.75,descending,193.32332
35.25,18.0,descending,193.18
35.25,18.25,descending,193.10999
35.25,18.5,descending,193.01498
35.25,18.75,descending,193.02
35.25,19.0,descending,193.03
35.25,19.25,descending,193.03
35.25,19.5,descending,193.44331
35.25,19.75,descending,193.83499
35.25,20.0,descending,194.29999
35.25,20.25,descending,194.67
35.25,20.5,descending,194.77666
35.25,20.75,descending,194.78
35.25,21.0,descending,194.78
35.25,21.25,descending,194.40666
35.25,21.5,descending,193.81665
35.25,21.75,descending,193.315
35.25,22.0,descending,192.99666
35.25,22.25,descending,192.81
35.25,22.5,descending,192.72667
35.25,22.75,descending,192.88
35.25,23.0,descending,193.215
35.25,23.25,descending,197.06665
35.25,23.5,descending,208.81999
35.25,23.75,descending,222.26999
35.25,24.0,descending,222.465
35.25,24.25,descending,222.98
35.25,24.5,descending,230.16
35.25,24.75,descending,236.524
35.25,25.0,descending,240.97667
35.25,25.25,descending,238.25285
35.25,25.5,descending,233.57124
35.25,25.75,descending,225.05142
35.25,26.0,descending,215.9975
35.25,26.25,descending,208.03857
35.25,26.5,descending,199.07999
35.25,26.75,descending,196.2475
35.25,27.0,descending,195.495
35.25,27.25,descending,194.35571
35.25,27.5,descending,192.59999
35.25,27.75,descending,192.54124
35.25,28.0,descending,193.34666
35.25,28.25,descending,194.02444
35.25,28.5,descending,194.52538
35.25,28.75,descending,192.65666
35.25,29.0,descending,192.92
35.25,29.25,descending,193.25
35.25,29.5,descending,193.58
35.25,29.75,descending,193.8
35.25,30.0,descending,193.84666
35.25,30.25,descending,193.78333
35.25,30.5,descending,193.845
35.25,30.75,descending,193.97667
35.25,31.0,descending,194.12
35.25,31.25,descending,194.41667
35.25,31.5,descending,194.965
35.25,31.75,descending,195.64998
35.25,32.0,descending,197.18
35.25,32.25,descending,202.72667
35.25,32.5,descending,218.35999
35.25,32.75,descending,237.455
35.25,33.0,descending,248.26
35.25,33.25,descending,251.14333
35.25,33.5,descending,252.47
35.25,33.75,descending,241.41667
35.25,34.0,descending,218.78333
35.25,34.25,descending,204.11
35.25,34.5,descending,199.53
35.25,34.75,descending,198.12
35.25,35.0,descending,198.22667
35.25,35.25,descending,199.06
35.25,35.5,descending,204.15999
35.25,35.75,descending,225.89499
35.25,36.0,descending,260.58667
35.25,36.25,descending,277.34
35.25,36.5,descending,279.46335
35.25,36.75,descending,279.675
35.25,37.0,descending,279.185
35.25,37.25,descending,278.9833
35.25,37.5,descending,280.44333
35.25,37.75,descending,281.56998
35.25,38.0,descending,282.41998
35.5,-13.0,descending,191.73332
35.5,-12.75,descending,191.33167
35.5,-12.5,descending,190.84001
35.5,-12.25,descending,190.54167
35.5,-12.0,descending,190.40727
35.5,-11.75,descending,190.31
35.5,-11.5,descending,190.28726
35.5,-11.25,descending,190.413
35.5,-11.0,descending,190.74777
35.5,-10.75,descending,191.06332
35.5,-10.5,descending,191.07889
35.5,-10.25,descending,190.58875
35.5,-10.0,descending,189.8625
35.5,-9.75,descending,189.39445
35.5,-9.5,descending,189.355
35.5,-9.25,descending,189.61223
35.5,-9.0,descending,189.87715
35.5,-8.75,descending,190.02667
35.5,-8.5,descending,190.07875
35.5,-8.25,descending,190.19286
35.5,-8.0,descending,190.30429
35.5,-7.75,descending,190.26143
35.5,-7.5,descending,190.09999
35.5,-7.25,descending,189.96625
35.5,-7.0,descending,189.83
35.5,-6.75,descending,189.89429
35.5,-6.5,descending,193.50285
35.5,-6.25,descending,212.15
35.5,-6.0,descending,246.90572
35.5,-5.75,descending,274.09143
35.5,-5.5,descending,274.6314
35.5,-5.25,descending,259.41125
35.5,-5.0,descending,243.22
35.5,-4.75,descending,225.93857
35.5,-4.5,descending,219.95
35.5,-4.25,descending,220.46333
35.5,-4.0,descending,219.27666
35.5,-3.75,descending,221.9375
35.5,-3.5,descending,221.2175
35.5,-3.25,descending,223.71428
35.5,-3.0,descending,222.82124
35.5,-2.75,descending,213.53375
35.5,-2.5,descending,211.89143
35.5,-2.25,descending,208.23125
35.5,-2.0,descending,209.84624
35.5,-1.75,descending,223.15166
35.5,-1.5,descending,232.62375
35.5,-1.25,descending,251.2475
35.5,-1.0,descending,268.22375
35.5,-0.75,descending,270.07
35.5,-0.5,descending,274.87625
35.5,-0.25,descending,277.19223
35.5,-0.0,descending,270.40546
35.5,0.25,descending,279.7511
35.5,0.5,descending,280.2111
35.5,0.75,descending,280.21332
35.5,1.0,descending,279.954
35.5,1.25,descending,279.72778
35.5,1.5,descending,279.33908
35.5,1.75,descending,279.188
35.5,2.0,descending,280.047
35.5,2.25,descending,281.15164
35.5,2.5,descending,282.3125
35.5,2.75,descending,283.55643
35.5,3.0,descending,284.1825
35.5,3.25,descending,283.6125
35.5,3.5,descending,283.01135
35.5,3.75,descending,282.6648
35.5,4.0,descending,282.55334
35.5,10.75,descending,261.7553
35.5,11.0,descending,251.72054
35.5,11.25,descending,232.73
35.5,11.5,descending,213.28
35.5,11.75,descending,201.94693
35.5,12.0,descending,197.83417
35.5,12.25,descending,197.04546
35.5,12.5,descending,196.951
35.5,12.75,descending,196.59181
35.5,13.0,descending,196.06778
35.5,13.25,descending,195.774
35.5,13.5,descending,195.53453
35.5,13.75,descending,195.34555
35.5,14.0,descending,195.27701
35.5,14.25,descending,195.17624
35.5,14.5,descending,194.98125
35.5,14.75,descending,194.73624
35.5,15.0,descending,194.65778
35.5,15.25,descending,194.68713
35.5,15.5,descending,194.74875
35.5,15.75,descending,194.83
35.5,16.0,descending,194.98714
35.5,16.25,descending,194.9557
35.5,16.5,descending,194.76874
35.5,16.75,descending,194.28
35.5,17.0,descending,193.9375
35.5,17.25,descending,193.52
35.5,17.5,descending,193.20625
35.5,17.75,descending,193.02
35.5,18.0,descending,193.12166
35.5,18.25,descending,193.23499
35.5,18.5,descending,193.32875
35.5,18.75,descending,193.33249
35.5,19.0,descending,193.36284
35.5,19.25,descending,193.42374
35.5,19.5,descending,193.80666
35.5,19.75,descending,194.1825
35.5,20.0,descending,194.64333
35.5,20.25,descending,195.04428
35.5,20.5,descending,195.27124
35.5,20.75,descending,195.23125
35.5,21.0,descending,195.29
35.5,21.25,descending,194.91667
35.5,21.5,descending,194.4025
35.5,21.75,descending,193.59856
35.5,22.0,descending,193.09125
35.5,22.25,descending,192.73874
35.5,22.5,descending,192.55
35.5,22.75,descending,192.53714
35.5,23.0,descending,193.01375
35.5,23.25,descending,197.2
35.5,23.5,descending,211.79
35.5,23.75,descending,226.1225
35.5,24.0,descending,226.82222
35.5,24.25,descending,222.24445
35.5,24.5,descending,223.5
35.5,24.75,descending,221.50356
35.5,25.0,descending,223.14038
35.5,25.25,descending,221.65208
35.5,25.5,descending,216.36783
35.5,25.75,descending,211.94086
35.5,26.0,descending,205.57571
35.5,26.25,descending,200.89818
35.5,26.5,descending,197.896
35.5,26.75,descending,196.95285
35.5,27.0,descending,198.21956
35.5,27.25,descending,196.70454
35.5,27.5,descending,193.69916
35.5,27.75,descending,193.1976
35.5,28.0,descending,193.83571
35.5,28.25,descending,194.40929
35.5,28.5,descending,194.66429
35.5,28.75,descending,193.81154
35.5,29.0,descending,192.99875
35.5,29.25,descending,193.32857
35.5,29.5,descending,193.735
35.5,29.75,descending,193.94429
35.5,30.0,descending,193.935
35.5,30.25,descending,193.8657
35.5,30.5,descending,193.87625
35.5,30.75,descending,194.07715
35.5,31.0,descending,194.19875
35.5,31.25,descending,194.39429
35.5,31.5,descending,194.69499
35.5,31.75,descending,195.23332
35.5,32.0,descending,195.93875
35.5,32.25,descending,199.27428
35.5,32.5,descending,206.32999
35.5,32.75,descending,219.88571
35.5,33.0,descending,230.05624
35.5,33.25,descending,233.78572
35.5,33.5,descending,236.18124
35.5,33.75,descending,233.48
35.5,34.0,descending,222.22624
35.5,34.25,descending,208.83167
35.5,34.5,descending,201.00713
35.5,34.75,descending,198.29713
35.5,35.0,descending,198.18625
35.5,35.25,descending,199.34125
35.5,35.5,descending,204.87712
35.5,35.75,descending,227.86624
35.5,36.0,descending,263.15875
35.5,36.25,descending,277.5414
35.5,36.5,descending,279.6475
35.5,36.75,descending,279.98874
35.5,37.0,descending,279.60626
35.5,37.25,descending,280.22
35.5,37.5,descending,282.03625
35.5,37.75,descending,283.22375
35.5,38.0,descending,283.485
35.75,-13.0,descending,191.788
35.75,-12.75,descending,191.3325
35.75,-12.5,descending,190.66908
35.75,-12.25,descending,190.251
35.75,-12.0,descending,190.13727
35.75,-11.75,descending,190.1711
35.75,-11.5,descending,190.149
35.75,-11.25,descending,190.1725
35.75,-11.0,descending,190.30779
35.75,-10.75,descending,190.58499
35.75,-10.5,descending,190.93124
35.75,-10.25,descending,191.11223
35.75,-10.0,descending,190.83624
35.75,-9.75,descending,190.48143
35.75,-9.5,descending,189.95625
35.75,-9.25,descending,189.89572
35.75,-9.0,descending,190.14874
35.75,-8.75,descending,190.27571
35.75,-8.5,descending,190.27856
35.75,-8.25,descending,190.34714
35.75,-8.0,descending,190.4725
35.75,-7.75,descending,190.42142
35.75,-7.5,descending,190.21498
35.75,-7.25,descending,190.14143
35.75,-7.0,descending,190.0575
35.75,-6.75,descending,189.94856
35.75,-6.5,descending,190.7957
35.75,-6.25,descending,199.99142
35.75,-6.0,descending,232.28
35.75,-5.75,descending,257.17667
35.75,-5.5,descending,259.62875
35.75,-5.25,descending,238.568
35.75,-5.0,descending,218.1225
35.75,-4.75,descending,206.46
35.75,-4.5,descending,201.675
35.75,-4.25,descending,200.5875
35.75,-4.0,descending,203.37285
35.75,-3.75,descending,201.862
35.75,-3.5,descending,201.27
35.75,-3.25,descending,201.23499
35.75,-3.0,descending,202.56999
35.75,-2.75,descending,198.45999
35.75,-2.5,descending,197.59749
35.75,-2.25,descending,196.55571
35.75,-2.0,descending,197.72833
35.75,-1.75,descending,203.03429
35.75,-1.5,descending,209.165
35.75,-1.25,descending,226.36427
35.75,-1.0,descending,246.04999
35.75,-0.75,descending,248.23665
35.75,-0.5,descending,259.72333
35.75,-0.25,descending,262.12143
35.75,-0.0,descending,254.56728
35.75,0.25,descending,276.36142
35.75,0.5,descending,279.93777
35.75,0.75,descending,280.32248
35.75,1.0,descending,280.1211
35.75,1.25,descending,280.18332
35.75,1.5,descending,279.99667
35.75,1.75,descending,280.0109
35.75,2.0,descending,280.46
35.75,2.25,descending,280.9283
35.75,2.5,descending,281.68832
35.75,2.75,descending,282.84232
35.75,3.0,descending,283.4507
35.75,3.25,descending,283.69357
35.75,3.5,descending,283.75943
35.75,3.75,descending,283.6215
35.75,4.0,descending,283.22046
35.75,10.75,descending,245.30583
35.75,11.0,descending,235.80556
35.75,11.25,descending,222.58066
35.75,11.5,descending,209.10306
35.75,11.75,descending,200.88307
35.75,12.0,descending,197.56084
35.75,12.25,descending,196.77167
35.75,12.5,descending,196.748
35.75,12.75,descending,196.709
35.75,13.0,descending,196.392
35.75,13.25,descending,195.98776
35.75,13.5,descending,195.68443
35.75,13.75,descending,195.73888
35.75,14.0,descending,196.58124
35.75,14.25,descending,197.74666
35.75,14.5,descending,197.26
35.75,14.75,descending,195.74124
35.75,15.0,descending,194.99875
35.75,15.25,descending,194.73856
35.75,15.5,descending,194.71875
35.75,15.75,descending,194.67332
35.75,16.0,descending,194.59625
35.75,16.25,descending,194.35143
35.75,16.5,descending,194.05374
35.75,16.75,descending,193.60571
35.75,17.0,descending,193.20143
35.75,17.25,descending,192.94429
35.75,17.5,descending,192.85857
35.75,17.75,descending,192.91856
35.75,18.0,descending,193.175
35.75,18.25,descending,193.58142
35.75,18.5,descending,193.755
35.75,18.75,descending,193.76166
35.75,19.0,descending,193.73665
35.75,19.25,descending,193.825
35.75,19.5,descending,194.10571
35.75,19.75,descending,194.60167
35.75,20.0,descending,195.075
35.75,20.25,descending,195.55833
35.75,20.5,descending,196.03572
35.75,20.75,descending,196.1857
35.75,21.0,descending,196.10875
35.75,21.25,descending,195.81429
35.75,21.5,descending,194.98749
35.75,21.75,descending,193.98999
35.75,22.0,descending,193.144
35.75,22.25,descending,192.68799
35.75,22.5,descending,192.4725
35.75,22.75,descending,192.70999
35.75,23.0,descending,193.3075
35.75,23.25,descending,196.7057
35.75,23.5,descending,209.82875
35.75,23.75,descending,216.39
35.75,24.0,descending,216.70285
35.75,24.25,descending,209.07143
35.75,24.5,descending,208.86624
35.75,24.75,descending,199.02591
35.75,25.0,descending,197.706
35.75,25.25,descending,196.67783
35.75,25.5,descending,195.76318
35.75,25.75,descending,194.28899
35.75,26.0,descending,193.77666
35.75,26.25,descending,192.89905
35.75,26.5,descending,193.08429
35.75,26.75,descending,195.4321
35.75,27.0,descending,198.157
35.75,27.25,descending,197.67949
35.75,27.5,descending,196.56999
35.75,27.75,descending,197.29303
35.75,28.0,descending,196.84348
35.75,28.25,descending,195.364
35.75,28.5,descending,194.82576
35.75,28.75,descending,194.87825
35.75,29.0,descending,193.54857
35.75,29.25,descending,194.06332
35.75,29.5,descending,194.53572
35.75,29.75,descending,194.60666
35.75,30.0,descending,194.4
35.75,30.25,descending,194.33
35.75,30.5,descending,194.29875
35.75,30.75,descending,194.43428
35.75,31.0,descending,194.56429
35.75,31.25,descending,194.43001
35.75,31.5,descending,194.34999
35.75,31.75,descending,194.36125
35.75,32.0,descending,194.97833
35.75,32.25,descending,197.06624
35.75,32.5,descending,200.35599
35.75,32.75,descending,203.63571
35.75,33.0,descending,209.07857
35.75,33.25,descending,210.19666
35.75,33.5,descending,213.05286
35.75,33.75,descending,214.14714
35.75,34.0,descending,212.27284
35.75,34.25,descending,208.48427
35.75,34.5,descending,203.51332
35.75,34.75,descending,198.85286
35.75,35.0,descending,198.32748
35.75,35.25,descending,199.54428
35.75,35.5,descending,206.42874
35.75,35.75,descending,231.60857
35.75,36.0,descending,264.0825
35.75,36.25,descending,278.05124
35.75,36.5,descending,279.79498
35.75,36.75,descending,280.03
35.75,37.0,descending,279.86374
35.75,37.25,descending,280.56143
35.75,37.5,descending,281.37125
35.75,37.75,descending,282.79498
35.75,38.0,descending,282.3025
36.0,-13.0,descending,191.65001
36.0,-12.75,descending,191.17915
36.0,-12.5,descending,190.55362
36.0,-12.25,descending,190.12636
36.0,-12.0,descending,189.97899
36.0,-11.75,descending,189.97636
36.0,-11.5,descending,189.98555
36.0,-11.25,descending,190.006
36.0,-11.0,descending,189.995
36.0,-10.75,descending,190.05556
36.0,-10.5,descending,190.31444
36.0,-10.25,descending,190.80249
36.0,-10.0,descending,191.1825
36.0,-9.75,descending,191.14572
36.0,-9.5,descending,190.83
36.0,-9.25,descending,190.35889
36.0,-9.0,descending,190.21428
36.0,-8.75,descending,190.3243
36.0,-8.5,descending,190.35124
36.0,-8.25,descending,190.40375
36.0,-8.0,descending,190.62999
36.0,-7.75,descending,190.70667
36.0,-7.5,descending,190.6375
36.0,-7.25,descending,190.61333
36.0,-7.0,descending,190.72874
36.0,-6.75,descending,190.66333
36.0,-6.5,descending,191.90625
36.0,-6.25,descending,198.29713
36.0,-6.0,descending,215.25285
36.0,-5.75,descending,241.90714
36.0,-5.5,descending,241.87428
36.0,-5.25,descending,223.85428
36.0,-5.0,descending,204.14572
36.0,-4.75,descending,197.61856
36.0,-4.5,descending,195.60715
36.0,-4.25,descending,194.98999
36.0,-4.0,descending,195.34332
36.0,-3.75,descending,195.87428
36.0,-3.5,descending,194.86333
36.0,-3.25,descending,194.834
36.0,-3.0,descending,194.96625
36.0,-2.75,descending,194.26857
36.0,-2.5,descending,194.02374
36.0,-2.25,descending,193.954
36.0,-2.0,descending,194.22499
36.0,-1.75,descending,195.33374
36.0,-1.5,descending,198.63374
36.0,-1.25,descending,206.59375
36.0,-1.0,descending,218.23749
36.0,-0.75,descending,222.88889
36.0,-0.5,descending,232.01125
36.0,-0.25,descending,235.07715
36.0,-0.0,descending,247.71124
36.0,0.25,descending,265.49124
36.0,0.5,descending,273.8518
36.0,0.75,descending,277.6089
36.0,1.0,descending,279.01666
36.0,1.25,descending,280.03445
36.0,1.5,descending,280.261
36.0,1.75,descending,280.425
36.0,2.0,descending,280.4091
36.0,2.25,descending,280.56363
36.0,2.5,descending,280.9075
36.0,2.75,descending,281.47583
36.0,3.0,descending,281.8936
36.0,3.25,descending,282.64188
36.0,3.5,descending,283.2922
36.0,3.75,descending,283.0865
36.0,4.0,descending,282.39276
36.0,4.25,descending,281.91333
36.0,10.75,descending,222.61874
36.0,11.0,descending,215.6405
36.0,11.25,descending,207.73529
36.0,11.5,descending,201.74928
36.0,11.75,descending,198.23
36.0,12.0,descending,196.84583
36.0,12.25,descending,196.55273
36.0,12.5,descending,196.46635
36.0,12.75,descending,196.43091
36.0,13.0,descending,196.38998
36.0,13.25,descending,196.16556
36.0,13.5,descending,195.805
36.0,13.75,descending,195.80556
36.0,14.0,descending,196.95444
36.0,14.25,descending,199.5325
36.0,14.5,descending,201.07443
36.0,14.75,descending,198.79375
36.0,15.0,descending,195.96889
36.0,15.25,descending,194.84625
36.0,15.5,descending,194.47856
36.0,15.75,descending,194.27998
36.0,16.0,descending,194.16
36.0,16.25,descending,193.89
36.0,16.5,descending,193.53714
36.0,16.75,descending,193.23874
36.0,17.0,descending,193.04001
36.0,17.25,descending,192.84142
36.0,17.5,descending,192.82666
36.0,17.75,descending,193.04
36.0,18.0,descending,193.35143
36.0,18.25,descending,193.78285
36.0,18.5,descending,194.14
36.0,18.75,descending,194.19858
36.0,19.0,descending,194.045
36.0,19.25,descending,194.10143
36.0,19.5,descending,194.4525
36.0,19.75,descending,194.96858
36.0,20.0,descending,195.63875
36.0,20.25,descending,196.15714
36.0,20.5,descending,196.58
36.0,20.75,descending,196.95625
36.0,21.0,descending,196.79625
36.0,21.25,descending,196.44858
36.0,21.5,descending,195.515
36.0,21.75,descending,194.55998
36.0,22.0,descending,193.6225
36.0,22.25,descending,193.12572
36.0,22.5,descending,192.98125
36.0,22.75,descending,194.58624
36.0,23.0,descending,196.17624
36.0,23.25,descending,195.93857
36.0,23.5,descending,199.87749
36.0,23.75,descending,201.21143
36.0,24.0,descending,201.68222
36.0,24.25,descending,197.22556
36.0,24.5,descending,196.55
36.0,24.75,descending,191.63832
36.0,25.0,descending,189.8475
36.0,25.25,descending,189.79521
36.0,25.5,descending,189.80873
36.0,25.75,descending,189.55826
36.0,26.0,descending,189.79999
36.0,26.25,descending,190.1435
36.0,26.5,descending,191.10136
36.0,26.75,descending,192.5726
36.0,27.0,descending,194.52477
36.0,27.25,descending,196.00273
36.0,27.5,descending,201.75174
36.0,27.75,descending,208.9185
36.0,28.0,descending,206.41846
36.0,28.25,descending,199.3546
36.0,28.5,descending,195.743
36.0,28.75,descending,196.04588
36.0,29.0,descending,196.52637
36.0,29.25,descending,198.23714
36.0,29.5,descending,200.4975
36.0,29.75,descending,201.80713
36.0,30.0,descending,199.18625
36.0,30.25,descending,196.48286
36.0,30.5,descending,195.64857
36.0,30.75,descending,195.01125
36.0,31.0,descending,194.955
36.0,31.25,descending,194.75143
36.0,31.5,descending,194.36143
36.0,31.75,descending,194.47714
36.0,32.0,descending,196.21875
36.0,32.25,descending,201.04
36.0,32.5,descending,207.75888
36.0,32.75,descending,212.78667
36.0,33.0,descending,209.3657
36.0,33.25,descending,210.38571
36.0,33.5,descending,207.44875
36.0,33.75,descending,205.98572
36.0,34.0,descending,204.28333
36.0,34.25,descending,202.78
36.0,34.5,descending,201.59875
36.0,34.75,descending,199.08333
36.0,35.0,descending,198.57666
36.0,35.25,descending,199.68875
36.0,35.5,descending,205.58286
36.0,35.75,descending,229.9375
36.0,36.0,descending,265.31625
36.0,36.25,descending,278.4
36.0,36.5,descending,279.93875
36.0,36.75,descending,279.77664
36.0,37.0,descending,279.14624
36.0,37.25,descending,278.23874
36.0,37.5,descending,277.0757
36.0,37.75,descending,278.44623
36.0,38.0,descending,276.124
36.25,-13.0,descending,191.495
36.25,-12.75,descending,191.0
36.25,-12.5,descending,190.44331
36.25,-12.25,descending,190.12271
36.25,-12.0,descending,190.03299
36.25,-11.75,descending,190.05
36.25,-11.5,descending,190.0311
36.25,-11.25,descending,189.94444
36.25,-11.0,descending,189.76334
36.25,-10.75,descending,189.57874
36.25,-10.5,descending,189.59
36.25,-10.25,descending,189.96375
36.25,-10.0,descending,190.55286
36.25,-9.75,descending,191.11
36.25,-9.5,descending,191.24124
36.25,-9.25,descending,190.79143
36.25,-9.0,descending,190.28624
36.25,-8.75,descending,190.09125
36.25,-8.5,descending,190.22374
36.25,-8.25,descending,190.32143
36.25,-8.0,descending,190.52571
36.25,-7.75,descending,190.81999
36.25,-7.5,descending,190.96501
36.25,-7.25,descending,191.1225
36.25,-7.0,descending,191.4357
36.25,-6.75,descending,191.93834
36.25,-6.5,descending,194.79999
36.25,-6.25,descending,206.51
36.25,-6.0,descending,226.78714
36.25,-5.75,descending,242.72333
36.25,-5.5,descending,245.71286
36.25,-5.25,descending,222.49715
36.25,-5.0,descending,205.71999
36.25,-4.75,descending,198.59332
36.25,-4.5,descending,196.39749
36.25,-4.25,descending,195.04333
36.25,-4.0,descending,195.28285
36.25,-3.75,descending,194.93286
36.25,-3.5,descending,194.77875
36.25,-3.25,descending,194.46501
36.25,-3.0,descending,194.56
36.25,-2.75,descending,194.29
36.25,-2.5,descending,194.146
36.25,-2.25,descending,193.91
36.25,-2.0,descending,193.80249
36.25,-1.75,descending,193.72571
36.25,-1.5,descending,194.19875
36.25,-1.25,descending,195.76666
36.25,-1.0,descending,200.24625
36.25,-0.75,descending,202.0
36.25,-0.5,descending,207.36375
36.25,-0.25,descending,210.40714
36.25,-0.0,descending,215.58798
36.25,0.25,descending,243.59999
36.25,0.5,descending,255.11874
36.25,0.75,descending,264.32498
36.25,1.0,descending,270.34888
36.25,1.25,descending,275.06442
36.25,1.5,descending,276.46332
36.25,1.75,descending,276.4582
36.25,2.0,descending,277.52554
36.25,2.25,descending,278.101
36.25,2.5,descending,278.46222
36.25,2.75,descending,279.20847
36.25,3.0,descending,280.40692
36.25,3.25,descending,281.49213
36.25,3.5,descending,281.896
36.25,3.75,descending,281.74118
36.25,4.0,descending,281.35956
36.25,4.25,descending,280.724
36.25,10.75,descending,210.8775
36.25,11.0,descending,206.02148
36.25,11.25,descending,200.51813
36.25,11.5,descending,197.62334
36.25,11.75,descending,196.71999
36.25,12.0,descending,196.44916
36.25,12.25,descending,196.34819
36.25,12.5,descending,196.27455
36.25,12.75,descending,196.217
36.25,13.0,descending,196.18
36.25,13.25,descending,196.07443
36.25,13.5,descending,195.82666
36.25,13.75,descending,195.6075
36.25,14.0,descending,196.11
36.25,14.25,descending,198.24374
36.25,14.5,descending,199.9375
36.25,14.75,descending,199.23625
36.25,15.0,descending,197.02141
36.25,15.25,descending,195.22
36.25,15.5,descending,194.46555
36.25,15.75,descending,194.11
36.25,16.0,descending,193.9925
36.25,16.25,descending,193.7925
36.25,16.5,descending,193.44249
36.25,16.75,descending,193.21167
36.25,17.0,descending,193.1675
36.25,17.25,descending,193.08142
36.25,17.5,descending,193.0057
36.25,17.75,descending,193.12334
36.25,18.0,descending,193.49715
36.25,18.25,descending,193.97285
36.25,18.5,descending,194.4343
36.25,18.75,descending,194.49834
36.25,19.0,descending,194.34856
36.25,19.25,descending,194.40285
36.25,19.5,descending,194.79
36.25,19.75,descending,195.47285
36.25,20.0,descending,196.20667
36.25,20.25,descending,196.76143
36.25,20.5,descending,197.08249
36.25,20.75,descending,197.15999
36.25,21.0,descending,196.89572
36.25,21.25,descending,196.60286
36.25,21.5,descending,196.2
36.25,21.75,descending,195.61499
36.25,22.0,descending,195.15111
36.25,22.25,descending,195.33714
36.25,22.5,descending,196.41
36.25,22.75,descending,199.59286
36.25,23.0,descending,202.3475
36.25,23.25,descending,196.2
36.25,23.5,descending,194.4375
36.25,23.75,descending,194.05998
36.25,24.0,descending,193.75624
36.25,24.25,descending,192.62572
36.25,24.5,descending,192.22249
36.25,24.75,descending,188.89299
36.25,25.0,descending,188.30222
36.25,25.25,descending,189.01826
36.25,25.5,descending,189.47913
36.25,25.75,descending,189.76
36.25,26.0,descending,189.41364
36.25,26.25,descending,189.76599
36.25,26.5,descending,190.57999
36.25,26.75,descending,191.25157
36.25,27.0,descending,192.76143
36.25,27.25,descending,195.99857
36.25,27.5,descending,205.5315
36.25,27.75,descending,217.08301
36.25,28.0,descending,217.70088
36.25,28.25,descending,205.35918
36.25,28.5,descending,197.11385
36.25,28.75,descending,198.98534
36.25,29.0,descending,206.17801
36.25,29.25,descending,212.50111
36.25,29.5,descending,221.27713
36.25,29.75,descending,222.20857
36.25,30.0,descending,219.35857
36.25,30.25,descending,211.05124
36.25,30.5,descending,202.06874
36.25,30.75,descending,197.34499
36.25,31.0,descending,195.3011
36.25,31.25,descending,195.17168
36.25,31.5,descending,195.905
36.25,31.75,descending,196.80168
36.25,32.0,descending,202.90857
36.25,32.25,descending,215.0325
36.25,32.5,descending,230.22333
36.25,32.75,descending,233.84499
36.25,33.0,descending,236.3075
36.25,33.25,descending,231.67833
36.25,33.5,descending,229.41856
36.25,33.75,descending,218.83333
36.25,34.0,descending,210.36374
36.25,34.25,descending,202.62
36.25,34.5,descending,200.315
36.25,34.75,descending,199.54141
36.25,35.0,descending,199.84624
36.25,35.25,descending,201.37
36.25,35.5,descending,206.25
36.25,35.75,descending,226.96999
36.25,36.0,descending,260.33
36.25,36.25,descending,276.9457
36.25,36.5,descending,279.97333
36.25,36.75,descending,279.46832
36.25,37.0,descending,278.57748
36.25,37.25,descending,276.59625
36.25,37.5,descending,274.61142
36.25,37.75,descending,274.59857
36.25,38.0,descending,271.636
36.5,-13.0,descending,191.375
36.5,-12.75,descending,190.96231
36.5,-12.5,descending,190.45332
36.5,-12.25,descending,190.19908
36.5,-12.0,descending,190.13899
36.5,-11.75,descending,190.10666
36.5,-11.5,descending,190.03499
36.5,-11.25,descending,189.8675
36.5,-11.0,descending,189.58777
36.5,-10.75,descending,189.305
36.5,-10.5,descending,189.16556
36.5,-10.25,descending,189.31749
36.5,-10.0,descending,189.787
36.5,-9.75,descending,190.37999
36.5,-9.5,descending,190.76375
36.5,-9.25,descending,190.8511
36.5,-9.0,descending,190.22571
36.5,-8.75,descending,189.69832
36.5,-8.5,descending,189.67142
36.5,-8.25,descending,190.11499
36.5,-8.0,descending,190.40833
36.5,-7.75,descending,190.6875
36.5,-7.5,descending,191.01714
36.5,-7.25,descending,191.40714
36.5,-7.0,descending,192.06857
36.5,-6.75,descending,194.28125
36.5,-6.5,descending,202.64749
36.5,-6.25,descending,223.80286
36.5,-6.0,descending,243.70142
36.5,-5.75,descending,260.3943
36.5,-5.5,descending,261.6825
36.5,-5.25,descending,245.46999
36.5,-5.0,descending,225.46855
36.5,-4.75,descending,215.23856
36.5,-4.5,descending,207.03857
36.5,-4.25,descending,202.07874
36.5,-4.0,descending,200.056
36.5,-3.75,descending,201.9675
36.5,-3.5,descending,202.28142
36.5,-3.25,descending,199.87625
36.5,-3.0,descending,200.07124
36.5,-2.75,descending,199.11714
36.5,-2.5,descending,197.8625
36.5,-2.25,descending,197.20857
36.5,-2.0,descending,195.825
36.5,-1.75,descending,193.9857
36.5,-1.5,descending,193.35124
36.5,-1.25,descending,193.51166
36.5,-1.0,descending,193.90334
36.5,-0.75,descending,194.66374
36.5,-0.5,descending,195.6675
36.5,-0.25,descending,197.05624
36.5,-0.0,descending,202.11
36.5,0.25,descending,216.50111
36.5,0.5,descending,227.15111
36.5,0.75,descending,238.89111
36.5,1.0,descending,248.446
36.5,1.25,descending,254.99889
36.5,1.5,descending,259.53998
36.5,1.75,descending,260.29248
36.5,2.0,descending,261.4625
36.5,2.25,descending,265.232
36.5,2.5,descending,266.02664
36.5,2.75,descending,269.69498
36.5,3.0,descending,273.98416
36.5,3.25,descending,275.532
36.5,3.5,descending,276.84467
36.5,3.75,descending,278.61166
36.5,4.0,descending,279.19592
36.5,4.25,descending,277.66922
36.5,4.5,descending,275.6
36.5,10.75,descending,215.48999
36.5,11.0,descending,214.22
36.5,11.25,descending,204.57176
36.5,11.5,descending,198.8007
36.5,11.75,descending,196.81691
36.5,12.0,descending,196.5469
36.5,12.25,descending,196.30362
36.5,12.5,descending,196.10583
36.5,12.75,descending,195.9909
36.5,13.0,descending,195.94453
36.5,13.25,descending,195.78
36.5,13.5,descending,195.586
36.5,13.75,descending,195.48888
36.5,14.0,descending,196.08875
36.5,14.25,descending,197.89777
36.5,14.5,descending,200.50888
36.5,14.75,descending,200.95125
36.5,15.0,descending,198.72125
36.5,15.25,descending,196.23375
36.5,15.5,descending,194.76285
36.5,15.75,descending,194.36125
36.5,16.0,descending,194.13625
36.5,16.25,descending,193.88374
36.5,16.5,descending,193.49571
36.5,16.75,descending,193.27713
36.5,17.0,descending,193.3657
36.5,17.25,descending,193.47125
36.5,17.5,descending,193.36499
36.5,17.75,descending,193.40625
36.5,18.0,descending,193.79285
36.5,18.25,descending,194.23125
36.5,18.5,descending,194.55
36.5,18.75,descending,194.67714
36.5,19.0,descending,194.54001
36.5,19.25,descending,194.705
36.5,19.5,descending,195.2525
36.5,19.75,descending,196.0457
36.5,20.0,descending,196.73375
36.5,20.25,descending,197.174
36.5,20.5,descending,197.34874
36.5,20.75,descending,197.19374
36.5,21.0,descending,196.77666
36.5,21.25,descending,196.66833
36.5,21.5,descending,198.11874
36.5,21.75,descending,198.78857
36.5,22.0,descending,199.83
36.5,22.25,descending,203.30571
36.5,22.5,descending,206.86249
36.5,22.75,descending,209.09856
36.5,23.0,descending,211.37428
36.5,23.25,descending,198.18375
36.5,23.5,descending,192.97285
36.5,23.75,descending,192.06221
36.5,24.0,descending,192.0125
36.5,24.25,descending,192.59143
36.5,24.5,descending,192.25749
36.5,24.75,descending,189.73685
36.5,25.0,descending,189.61038
36.5,25.25,descending,190.89125
36.5,25.5,descending,191.29834
36.5,25.75,descending,190.91182
36.5,26.0,descending,190.98135
36.5,26.25,descending,191.13239
36.5,26.5,descending,191.45523
36.5,26.75,descending,191.798
36.5,27.0,descending,194.04619
36.5,27.25,descending,198.08
36.5,27.5,descending,204.8859
36.5,27.75,descending,213.41959
36.5,28.0,descending,215.56454
36.5,28.25,descending,209.69
36.5,28.5,descending,204.28249
36.5,28.75,descending,211.13933
36.5,29.0,descending,229.9597
36.5,29.25,descending,232.41167
36.5,29.5,descending,245.09999
36.5,29.75,descending,251.99374
36.5,30.0,descending,249.88124
36.5,30.25,descending,241.73
36.5,30.5,descending,223.35428
36.5,30.75,descending,202.92714
36.5,31.0,descending,198.46571
36.5,31.25,descending,198.58374
36.5,31.5,descending,202.69499
36.5,31.75,descending,208.11874
36.5,32.0,descending,217.91667
36.5,32.25,descending,235.63142
36.5,32.5,descending,247.31285
36.5,32.75,descending,257.78
36.5,33.0,descending,258.97
36.5,33.25,descending,258.72714
36.5,33.5,descending,256.58667
36.5,33.75,descending,245.98283
36.5,34.0,descending,235.4857
36.5,34.25,descending,214.19124
36.5,34.5,descending,206.80666
36.5,34.75,descending,204.59427
36.5,35.0,descending,207.97125
36.5,35.25,descending,209.47856
36.5,35.5,descending,212.33374
36.5,35.75,descending,224.215
36.5,36.0,descending,252.26
36.5,36.25,descending,274.628
36.5,36.5,descending,279.44144
36.5,36.75,descending,279.1525
36.5,37.0,descending,278.43625
36.5,37.25,descending,277.06857
36.5,37.5,descending,274.92624
36.5,37.75,descending,273.53427
36.5,38.0,descending,271.016
36.75,-13.0,descending,191.17
36.75,-12.75,descending,190.8723
36.75,-12.5,descending,190.40749
36.75,-12.25,descending,190.14
36.75,-12.0,descending,190.04272
36.75,-11.75,descending,189.97888
36.75,-11.5,descending,189.81499
36.75,-11.25,descending,189.60222
36.75,-11.0,descending,189.23555
36.75,-10.75,descending,188.86223
36.75,-10.5,descending,188.73624
36.75,-10.25,descending,188.8125
36.75,-10.0,descending,189.08858
36.75,-9.75,descending,189.51999
36.75,-9.5,descending,190.08858
36.75,-9.25,descending,190.87
36.75,-9.0,descending,191.65
36.75,-8.75,descending,190.93
36.75,-8.5,descending,190.87143
36.75,-8.25,descending,192.555
36.75,-8.0,descending,192.09856
36.75,-7.75,descending,192.34142
36.75,-7.5,descending,191.91374
36.75,-7.25,descending,192.34499
36.75,-7.0,descending,194.64
36.75,-6.75,descending,200.18666
36.75,-6.5,descending,215.21715
36.75,-6.25,descending,236.09999
36.75,-6.0,descending,259.88623
36.75,-5.75,descending,272.17
36.75,-5.5,descending,275.42
36.75,-5.25,descending,266.13284
36.75,-5.0,descending,256.15332
36.75,-4.75,descending,247.79428
36.75,-4.5,descending,231.88857
36.75,-4.25,descending,224.84999
36.75,-4.0,descending,218.12375
36.75,-3.75,descending,222.38199
36.75,-3.5,descending,220.805
36.75,-3.25,descending,222.8925
36.75,-3.0,descending,219.30429
36.75,-2.75,descending,219.63374
36.75,-2.5,descending,213.37285
36.75,-2.25,descending,213.30249
36.75,-2.0,descending,204.30286
36.75,-1.75,descending,196.9325
36.75,-1.5,descending,193.62428
36.75,-1.25,descending,193.09999
36.75,-1.0,descending,192.66125
36.75,-0.75,descending,192.235
36.75,-0.5,descending,192.17249
36.75,-0.25,descending,192.49333
36.75,-0.0,descending,193.95999
36.75,0.25,descending,200.99428
36.75,0.5,descending,205.34
36.75,0.75,descending,213.21124
36.75,1.0,descending,220.85999
36.75,1.25,descending,224.38556
36.75,1.5,descending,228.25887
36.75,1.75,descending,230.32182
36.75,2.0,descending,231.58
36.75,2.25,descending,235.721
36.75,2.5,descending,238.0818
36.75,2.75,descending,247.04909
36.75,3.0,descending,253.29584
36.75,3.25,descending,253.81845
36.75,3.5,descending,259.24213
36.75,3.75,descending,263.59125
36.75,4.0,descending,265.67368
36.75,4.25,descending,263.6648
36.75,4.5,descending,258.27335
36.75,11.0,descending,228.18279
36.75,11.25,descending,216.90437
36.75,11.5,descending,205.05875
36.75,11.75,descending,198.82999
36.75,12.0,descending,197.70908
36.75,12.25,descending,197.15999
36.75,12.5,descending,196.41599
36.75,12.75,descending,195.928
36.75,13.0,descending,195.741
36.75,13.25,descending,195.75111
36.75,13.5,descending,195.866
36.75,13.75,descending,196.42499
36.75,14.0,descending,198.32875
36.75,14.25,descending,203.49374
36.75,14.5,descending,212.09874
36.75,14.75,descending,216.09999
36.75,15.0,descending,213.84624
36.75,15.25,descending,201.84874
36.75,15.5,descending,195.97624
36.75,15.75,descending,194.74857
36.75,16.0,descending,194.37572
36.75,16.25,descending,194.04001
36.75,16.5,descending,193.60715
36.75,16.75,descending,193.46625
36.75,17.0,descending,193.55856
36.75,17.25,descending,193.84499
36.75,17.5,descending,193.86714
36.75,17.75,descending,193.91
36.75,18.0,descending,194.05142
36.75,18.25,descending,194.42168
36.75,18.5,descending,194.69499
36.75,18.75,descending,194.85667
36.75,19.0,descending,194.85286
36.75,19.25,descending,195.07715
36.75,19.5,descending,195.71715
36.75,19.75,descending,196.35167
36.75,20.0,descending,197.0
36.75,20.25,descending,197.385
36.75,20.5,descending,197.486
36.75,20.75,descending,197.2957
36.75,21.0,descending,196.76375
36.75,21.25,descending,197.15166
36.75,21.5,descending,202.448
36.75,21.75,descending,209.61856
36.75,22.0,descending,213.55286
36.75,22.25,descending,220.97125
36.75,22.5,descending,228.82143
36.75,22.75,descending,225.45142
36.75,23.0,descending,216.002
36.75,23.25,descending,200.56375
36.75,23.5,descending,192.71375
36.75,23.75,descending,191.24333
36.75,24.0,descending,191.58624
36.75,24.25,descending,193.8057
36.75,24.5,descending,194.1575
36.75,24.75,descending,192.3975
36.75,25.0,descending,193.18103
36.75,25.25,descending,194.62
36.75,25.5,descending,194.69864
36.75,25.75,descending,193.07904
36.75,26.0,descending,192.1225
36.75,26.25,descending,191.93773
36.75,26.5,descending,191.98315
36.75,26.75,descending,194.6885
36.75,27.0,descending,199.6057
36.75,27.25,descending,204.84904
36.75,27.5,descending,210.9438
36.75,27.75,descending,215.76105
36.75,28.0,descending,220.27449
36.75,28.25,descending,221.86826
36.75,28.5,descending,226.95346
36.75,28.75,descending,239.58958
36.75,29.0,descending,254.0428
36.75,29.25,descending,257.15
36.75,29.5,descending,260.1225
36.75,29.75,descending,264.415
36.75,30.0,descending,265.83
36.75,30.25,descending,263.0257
36.75,30.5,descending,245.25429
36.75,30.75,descending,226.16
36.75,31.0,descending,210.38142
36.75,31.25,descending,214.35286
36.75,31.5,descending,218.71428
36.75,31.75,descending,228.94167
36.75,32.0,descending,237.70874
36.75,32.25,descending,250.56999
36.75,32.5,descending,260.04715
36.75,32.75,descending,265.88333
36.75,33.0,descending,268.11713
36.75,33.25,descending,270.1057
36.75,33.5,descending,268.34164
36.75,33.75,descending,264.6975
36.75,34.0,descending,254.49666
36.75,34.25,descending,242.01143
36.75,34.5,descending,226.35571
36.75,34.75,descending,220.89333
36.75,35.0,descending,228.92665
36.75,35.25,descending,232.30875
36.75,35.5,descending,232.21875
36.75,35.75,descending,231.73999
36.75,36.0,descending,248.825
36.75,36.25,descending,269.75427
36.75,36.5,descending,277.6925
36.75,36.75,descending,277.98285
36.75,37.0,descending,277.79373
36.75,37.25,descending,276.99
36.75,37.5,descending,275.0186
36.75,37.75,descending,272.7443
36.75,38.0,descending,271.13397
37.0,-13.0,descending,190.75334
37.0,-12.75,descending,190.58922
37.0,-12.5,descending,190.30666
37.0,-12.25,descending,190.06909
37.0,-12.0,descending,189.944
37.0,-11.75,descending,189.85
37.0,-11.5,descending,189.683
37.0,-11.25,descending,189.396
37.0,-11.0,descending,188.988
37.0,-10.75,descending,188.58112
37.0,-10.5,descending,188.32555
37.0,-10.25,descending,188.23776
37.0,-10.0,descending,188.38556
37.0,-9.75,descending,188.50285
37.0,-9.5,descending,189.14555
37.0,-9.25,descending,192.13249
37.0,-9.0,descending,198.55998
37.0,-8.75,descending,202.71498
37.0,-8.5,descending,203.27875
37.0,-8.25,descending,205.265
37.0,-8.0,descending,207.85571
37.0,-7.75,descending,204.87125
37.0,-7.5,descending,202.47333
37.0,-7.25,descending,198.91875
37.0,-7.0,descending,203.815
37.0,-6.75,descending,212.385
37.0,-6.5,descending,228.58833
37.0,-6.25,descending,248.0957
37.0,-6.0,descending,266.01498
37.0,-5.75,descending,275.23248
37.0,-5.5,descending,279.09857
37.0,-5.25,descending,278.24286
37.0,-5.0,descending,274.54623
37.0,-4.75,descending,269.365
37.0,-4.5,descending,262.0875
37.0,-4.25,descending,251.904
37.0,-4.0,descending,250.7
37.0,-3.75,descending,249.76714
37.0,-3.5,descending,246.82999
37.0,-3.25,descending,250.102
37.0,-3.0,descending,249.95125
37.0,-2.75,descending,250.46428
37.0,-2.5,descending,243.6525
37.0,-2.25,descending,242.42
37.0,-2.0,descending,224.28125
37.0,-1.75,descending,205.97714
37.0,-1.5,descending,195.24142
37.0,-1.25,descending,193.53142
37.0,-1.0,descending,192.85625
37.0,-0.75,descending,191.96286
37.0,-0.5,descending,191.4725
37.0,-0.25,descending,191.62111
37.0,-0.0,descending,190.206
37.0,0.25,descending,194.11624
37.0,0.5,descending,196.105
37.0,0.75,descending,199.05556
37.0,1.0,descending,202.15222
37.0,1.25,descending,204.02667
37.0,1.5,descending,204.407
37.0,1.75,descending,205.7675
37.0,2.0,descending,208.16182
37.0,2.25,descending,209.478
37.0,2.5,descending,214.15111
37.0,2.75,descending,220.77364
37.0,3.0,descending,222.78249
37.0,3.25,descending,222.21167
37.0,3.5,descending,229.394
37.0,3.75,descending,232.67929
37.0,4.0,descending,232.98001
37.0,4.25,descending,229.76227
37.0,4.5,descending,223.3439
37.0,11.0,descending,222.29813
37.0,11.25,descending,218.00937
37.0,11.5,descending,208.16933
37.0,11.75,descending,200.39429
37.0,12.0,descending,197.85846
37.0,12.25,descending,197.38332
37.0,12.5,descending,196.78499
37.0,12.75,descending,196.321
37.0,13.0,descending,196.60545
37.0,13.25,descending,197.944
37.0,13.5,descending,201.26222
37.0,13.75,descending,204.11499
37.0,14.0,descending,209.772
37.0,14.25,descending,220.2111
37.0,14.5,descending,233.23375
37.0,14.75,descending,243.2475
37.0,15.0,descending,241.55222
37.0,15.25,descending,222.63374
37.0,15.5,descending,202.65714
37.0,15.75,descending,195.52444
37.0,16.0,descending,194.50143
37.0,16.25,descending,194.19499
37.0,16.5,descending,193.84666
37.0,16.75,descending,193.68199
37.0,17.0,descending,193.79375
37.0,17.25,descending,194.08142
37.0,17.5,descending,194.35286
37.0,17.75,descending,194.43713
37.0,18.0,descending,194.46143
37.0,18.25,descending,194.66286
37.0,18.5,descending,194.91667
37.0,18.75,descending,195.03667
37.0,19.0,descending,195.27875
37.0,19.25,descending,195.50832
37.0,19.5,descending,195.91856
37.0,19.75,descending,196.56714
37.0,20.0,descending,197.06857
37.0,20.25,descending,197.45
37.0,20.5,descending,197.52875
37.0,20.75,descending,197.30666
37.0,21.0,descending,196.89624
37.0,21.25,descending,199.44142
37.0,21.5,descending,211.9175
37.0,21.75,descending,228.57666
37.0,22.0,descending,232.06999
37.0,22.25,descending,243.606
37.0,22.5,descending,247.798
37.0,22.75,descending,240.54167
37.0,23.0,descending,221.22124
37.0,23.25,descending,201.30286
37.0,23.5,descending,193.20375
37.0,23.75,descending,190.75429
37.0,24.0,descending,190.87875
37.0,24.25,descending,193.76
37.0,24.5,descending,194.96375
37.0,24.75,descending,193.513
37.0,25.0,descending,197.64758
37.0,25.25,descending,200.77167
37.0,25.5,descending,200.99583
37.0,25.75,descending,197.37956
37.0,26.0,descending,193.83238
37.0,26.25,descending,192.037
37.0,26.5,descending,192.28476
37.0,26.75,descending,196.1585
37.0,27.0,descending,204.69095
37.0,27.25,descending,213.86238
37.0,27.5,descending,222.91899
37.0,27.75,descending,231.3676
37.0,28.0,descending,239.55458
37.0,28.25,descending,247.88142
37.0,28.5,descending,256.3648
37.0,28.75,descending,263.7532
37.0,29.0,descending,268.57657
37.0,29.25,descending,269.10443
37.0,29.5,descending,267.43875
37.0,29.75,descending,268.47333
37.0,30.0,descending,268.36142
37.0,30.25,descending,269.64624
37.0,30.5,descending,266.00333
37.0,30.75,descending,251.842
37.0,31.0,descending,240.18
37.0,31.25,descending,240.12428
37.0,31.5,descending,245.96286
37.0,31.75,descending,252.08499
37.0,32.0,descending,258.06857
37.0,32.25,descending,261.58
37.0,32.5,descending,265.34
37.0,32.75,descending,267.61856
37.0,33.0,descending,269.62427
37.0,33.25,descending,270.6033
37.0,33.5,descending,269.6378
37.0,33.75,descending,266.808
37.0,34.0,descending,263.85376
37.0,34.25,descending,260.26666
37.0,34.5,descending,250.4475
37.0,34.75,descending,246.03142
37.0,35.0,descending,247.90666
37.0,35.25,descending,258.11002
37.0,35.5,descending,257.41873
37.0,35.75,descending,251.37875
37.0,36.0,descending,253.23856
37.0,36.25,descending,268.8
37.0,36.5,descending,275.91428
37.0,36.75,descending,275.8625
37.0,37.0,descending,275.78427
37.0,37.25,descending,274.69
37.0,37.5,descending,273.31622
37.0,37.75,descending,270.63998
37.0,38.0,descending,270.105
37.25,-13.0,descending,190.26
37.25,-12.75,descending,190.15308
37.25,-12.5,descending,190.0675
37.25,-12.25,descending,189.96092
37.25,-12.0,descending,189.85454
37.25,-11.75,descending,189.73
37.25,-11.5,descending,189.581
37.25,-11.25,descending,189.31
37.25,-11.0,descending,188.92
37.25,-10.75,descending,188.495
37.25,-10.5,descending,188.15445
37.25,-10.25,descending,187.91
37.25,-10.0,descending,187.73778
37.25,-9.75,descending,187.67624
37.25,-9.5,descending,187.83286
37.25,-9.25,descending,191.595
37.25,-9.0,descending,205.77374
37.25,-8.75,descending,223.50333
37.25,-8.5,descending,233.71999
37.25,-8.25,descending,235.06375
37.25,-8.0,descending,239.93124
37.25,-7.75,descending,238.94858
37.25,-7.5,descending,227.14143
37.25,-7.25,descending,226.51714
37.25,-7.0,descending,225.29857
37.25,-6.75,descending,238.07666
37.25,-6.5,descending,249.22249
37.25,-6.25,descending,259.89667
37.25,-6.0,descending,268.3343
37.25,-5.75,descending,276.44714
37.25,-5.5,descending,279.75333
37.25,-5.25,descending,280.34427
37.25,-5.0,descending,279.39667
37.25,-4.75,descending,278.62714
37.25,-4.5,descending,276.85165
37.25,-4.25,descending,271.6875
37.25,-4.0,descending,271.478
37.25,-3.75,descending,269.87997
37.25,-3.5,descending,269.00375
37.25,-3.25,descending,266.42
37.25,-3.0,descending,268.63666
37.25,-2.75,descending,269.138
37.25,-2.5,descending,267.635
37.25,-2.25,descending,266.19855
37.25,-2.0,descending,249.6175
37.25,-1.75,descending,220.305
37.25,-1.5,descending,202.93875
37.25,-1.25,descending,197.30142
37.25,-1.0,descending,196.23624
37.25,-0.75,descending,193.04167
37.25,-0.5,descending,191.935
37.25,-0.25,descending,191.68875
37.25,-0.0,descending,190.80556
37.25,0.25,descending,192.65166
37.25,0.5,descending,193.52124
37.25,0.75,descending,194.4175
37.25,1.0,descending,195.30249
37.25,1.25,descending,196.015
37.25,1.5,descending,196.5
37.25,1.75,descending,197.082
37.25,2.0,descending,197.96555
37.25,2.25,descending,199.01399
37.25,2.5,descending,201.38832
37.25,2.75,descending,203.18727
37.25,3.0,descending,203.74364
37.25,3.25,descending,203.85667
37.25,3.5,descending,206.43285
37.25,3.75,descending,207.08734
37.25,4.0,descending,205.885
37.25,4.25,descending,204.05055
37.25,4.5,descending,203.15268
37.25,4.75,descending,202.825
37.25,11.0,descending,203.63272
37.25,11.25,descending,203.56946
37.25,11.5,descending,201.4825
37.25,11.75,descending,198.65384
37.25,12.0,descending,196.71616
37.25,12.25,descending,196.48582
37.25,12.5,descending,197.073
37.25,12.75,descending,198.56
37.25,13.0,descending,201.63899
37.25,13.25,descending,207.40443
37.25,13.5,descending,216.06499
37.25,13.75,descending,227.0725
37.25,14.0,descending,236.64554
37.25,14.25,descending,245.08499
37.25,14.5,descending,254.80333
37.25,14.75,descending,261.67374
37.25,15.0,descending,255.05624
37.25,15.25,descending,233.20332
37.25,15.5,descending,211.22223
37.25,15.75,descending,198.29
37.25,16.0,descending,194.82375
37.25,16.25,descending,194.27501
37.25,16.5,descending,194.045
37.25,16.75,descending,193.935
37.25,17.0,descending,194.09874
37.25,17.25,descending,194.40714
37.25,17.5,descending,194.65572
37.25,17.75,descending,194.90572
37.25,18.0,descending,194.88
37.25,18.25,descending,194.9775
37.25,18.5,descending,195.11714
37.25,18.75,descending,195.43713
37.25,19.0,descending,195.78833
37.25,19.25,descending,196.00429
37.25,19.5,descending,196.23334
37.25,19.75,descending,196.58833
37.25,20.0,descending,197.1425
37.25,20.25,descending,197.435
37.25,20.5,descending,197.6575
37.25,20.75,descending,197.50835
37.25,21.0,descending,197.31831
37.25,21.25,descending,201.47571
37.25,21.5,descending,220.3375
37.25,21.75,descending,247.18713
37.25,22.0,descending,253.04625
37.25,22.25,descending,260.1014
37.25,22.5,descending,261.46875
37.25,22.75,descending,249.07999
37.25,23.0,descending,225.13124
37.25,23.25,descending,207.36429
37.25,23.5,descending,196.555
37.25,23.75,descending,191.34833
37.25,24.0,descending,190.89124
37.25,24.25,descending,194.0125
37.25,24.5,descending,194.51
37.25,24.75,descending,193.6825
37.25,25.0,descending,196.73845
37.25,25.25,descending,199.91206
37.25,25.5,descending,200.42653
37.25,25.75,descending,197.6615
37.25,26.0,descending,194.1168
37.25,26.25,descending,192.27055
37.25,26.5,descending,193.11095
37.25,26.75,descending,197.06842
37.25,27.0,descending,204.89954
37.25,27.25,descending,220.27588
37.25,27.5,descending,239.23398
37.25,27.75,descending,255.41895
37.25,28.0,descending,262.41714
37.25,28.25,descending,266.0675
37.25,28.5,descending,271.1
37.25,28.75,descending,272.6573
37.25,29.0,descending,272.27856
37.25,29.25,descending,271.6475
37.25,29.5,descending,271.49918
37.25,29.75,descending,270.6133
37.25,30.0,descending,269.68
37.25,30.25,descending,271.05167
37.25,30.5,descending,273.155
37.25,30.75,descending,270.48126
37.25,31.0,descending,265.55
37.25,31.25,descending,264.16287
37.25,31.5,descending,263.35858
37.25,31.75,descending,266.70856
37.25,32.0,descending,265.82333
37.25,32.25,descending,266.74713
37.25,32.5,descending,268.0
37.25,32.75,descending,269.03714
37.25,33.0,descending,269.53333
37.25,33.25,descending,269.7857
37.25,33.5,descending,268.56
37.25,33.75,descending,266.5114
37.25,34.0,descending,264.25143
37.25,34.25,descending,263.8033
37.25,34.5,descending,264.36667
37.25,34.75,descending,265.44284
37.25,35.0,descending,266.02332
37.25,35.25,descending,269.41998
37.25,35.5,descending,270.7143
37.25,35.75,descending,268.93
37.25,36.0,descending,266.7775
37.25,36.25,descending,272.27286
37.25,36.5,descending,274.525
37.25,36.75,descending,273.77286
37.25,37.0,descending,273.185
37.25,37.25,descending,272.33798
37.25,37.5,descending,270.38623
37.25,37.75,descending,268.71286
37.25,38.0,descending,268.5825
37.5,-13.0,descending,189.84166
37.5,-12.75,descending,189.71999
37.5,-12.5,descending,189.66922
37.5,-12.25,descending,189.61818
37.5,-12.0,descending,189.5209
37.5,-11.75,descending,189.353
37.5,-11.5,descending,189.12
37.5,-11.25,descending,188.92221
37.5,-11.0,descending,188.60599
37.5,-10.75,descending,188.2111
37.5,-10.5,descending,187.918
37.5,-10.25,descending,187.70125
37.5,-10.0,descending,187.41624
37.5,-9.75,descending,187.15125
37.5,-9.5,descending,187.24124
37.5,-9.25,descending,190.18875
37.5,-9.0,descending,204.22285
37.5,-8.75,descending,234.75285
37.5,-8.5,descending,256.6014
37.5,-8.25,descending,264.82834
37.5,-8.0,descending,266.56714
37.5,-7.75,descending,265.64667
37.5,-7.5,descending,263.5089
37.5,-7.25,descending,255.70667
37.5,-7.0,descending,258.10876
37.5,-6.75,descending,259.24142
37.5,-6.5,descending,269.56284
37.5,-6.25,descending,272.25284
37.5,-6.0,descending,274.3175
37.5,-5.75,descending,277.06332
37.5,-5.5,descending,279.6825
37.5,-5.25,descending,280.50668
37.5,-5.0,descending,280.36124
37.5,-4.75,descending,280.5
37.5,-4.5,descending,280.305
37.5,-4.25,descending,279.94873
37.5,-4.0,descending,278.1443
37.5,-3.75,descending,277.93997
37.5,-3.5,descending,277.25998
37.5,-3.25,descending,275.6525
37.5,-3.0,descending,275.41284
37.5,-2.75,descending,275.02426
37.5,-2.5,descending,275.41
37.5,-2.25,descending,273.756
37.5,-2.0,descending,265.138
37.5,-1.75,descending,240.71143
37.5,-1.5,descending,224.25
37.5,-1.25,descending,212.95
37.5,-1.0,descending,209.96124
37.5,-0.75,descending,198.9211
37.5,-0.5,descending,193.41856
37.5,-0.25,descending,192.4775
37.5,-0.0,descending,191.15
37.5,0.25,descending,192.7025
37.5,0.5,descending,193.35
37.5,0.75,descending,193.89624
37.5,1.0,descending,194.27888
37.5,1.25,descending,194.68
37.5,1.5,descending,195.05444
37.5,1.75,descending,195.42555
37.5,2.0,descending,196.094
37.5,2.25,descending,196.87334
37.5,2.5,descending,197.69499
37.5,2.75,descending,198.26
37.5,3.0,descending,198.5725
37.5,3.25,descending,198.94666
37.5,3.5,descending,198.87166
37.5,3.75,descending,198.55733
37.5,4.0,descending,198.13533
37.5,4.25,descending,197.86421
37.5,4.5,descending,197.9152
37.5,4.75,descending,198.59
37.5,11.0,descending,197.56999
37.5,11.25,descending,196.82388
37.5,11.5,descending,196.42265
37.5,11.75,descending,196.43498
37.5,12.0,descending,196.90071
37.5,12.25,descending,199.15916
37.5,12.5,descending,204.00084
37.5,12.75,descending,210.908
37.5,13.0,descending,217.79637
37.5,13.25,descending,228.08
37.5,13.5,descending,241.50899
37.5,13.75,descending,253.98553
37.5,14.0,descending,260.999
37.5,14.25,descending,266.83374
37.5,14.5,descending,270.9325
37.5,14.75,descending,271.4025
37.5,15.0,descending,260.23874
37.5,15.25,descending,235.01666
37.5,15.5,descending,210.37712
37.5,15.75,descending,198.44
37.5,16.0,descending,195.27571
37.5,16.25,descending,194.44444
37.5,16.5,descending,194.205
37.5,16.75,descending,194.24428
37.5,17.0,descending,194.36427
37.5,17.25,descending,194.60333
37.5,17.5,descending,194.87875
37.5,17.75,descending,195.17
37.5,18.0,descending,195.38666
37.5,18.25,descending,195.45667
37.5,18.5,descending,195.54141
37.5,18.75,descending,195.89429
37.5,19.0,descending,196.27713
37.5,19.25,descending,196.655
37.5,19.5,descending,196.61287
37.5,19.75,descending,196.81625
37.5,20.0,descending,197.23999
37.5,20.25,descending,197.59714
37.5,20.5,descending,199.15166
37.5,20.75,descending,199.5925
37.5,21.0,descending,199.94714
37.5,21.25,descending,207.1
37.5,21.5,descending,232.45874
37.5,21.75,descending,259.00287
37.5,22.0,descending,269.1925
37.5,22.25,descending,270.09283
37.5,22.5,descending,266.87625
37.5,22.75,descending,251.65332
37.5,23.0,descending,233.03749
37.5,23.25,descending,218.75572
37.5,23.5,descending,203.73125
37.5,23.75,descending,195.35286
37.5,24.0,descending,194.965
37.5,24.25,descending,196.155
37.5,24.5,descending,194.53285
37.5,24.75,descending,195.57
37.5,25.0,descending,196.63292
37.5,25.25,descending,197.10161
37.5,25.5,descending,195.30165
37.5,25.75,descending,193.89522
37.5,26.0,descending,194.31728
37.5,26.25,descending,194.56363
37.5,26.5,descending,195.706
37.5,26.75,descending,199.90149
37.5,27.0,descending,210.81052
37.5,27.25,descending,232.2605
37.5,27.5,descending,252.49364
37.5,27.75,descending,267.49762
37.5,28.0,descending,274.12952
37.5,28.25,descending,275.7881
37.5,28.5,descending,275.7244
37.5,28.75,descending,274.6226
37.5,29.0,descending,273.10284
37.5,29.25,descending,272.15515
37.5,29.5,descending,271.3925
37.5,29.75,descending,270.92776
37.5,30.0,descending,269.74286
37.5,30.25,descending,270.69333
37.5,30.5,descending,273.11624
37.5,30.75,descending,274.0757
37.5,31.0,descending,272.65286
37.5,31.25,descending,268.895
37.5,31.5,descending,267.25125
37.5,31.75,descending,268.81168
37.5,32.0,descending,268.7725
37.5,32.25,descending,268.64334
37.5,32.5,descending,269.2425
37.5,32.75,descending,270.01166
37.5,33.0,descending,270.3425
37.5,33.25,descending,270.3514
37.5,33.5,descending,269.2757
37.5,33.75,descending,267.95248
37.5,34.0,descending,265.836
37.5,34.25,descending,264.82123
37.5,34.5,descending,266.22284
37.5,34.75,descending,269.33832
37.5,35.0,descending,271.47375
37.5,35.25,descending,272.75287
37.5,35.5,descending,274.62857
37.5,35.75,descending,274.85748
37.5,36.0,descending,273.54572
37.5,36.25,descending,273.34857
37.5,36.5,descending,272.97876
37.5,36.75,descending,271.70856
37.5,37.0,descending,271.275
37.5,37.25,descending,270.81284
37.5,37.5,descending,269.5475
37.5,37.75,descending,268.34283
37.5,38.0,descending,267.66748
37.75,-13.0,descending,189.315
37.75,-12.75,descending,189.21999
37.75,-12.5,descending,189.15332
37.75,-12.25,descending,189.06636
37.75,-12.0,descending,188.91544
37.75,-11.75,descending,188.67899
37.75,-11.5,descending,188.33554
37.75,-11.25,descending,188.096
37.75,-11.0,descending,187.83556
37.75,-10.75,descending,187.61374
37.75,-10.5,descending,187.485
37.75,-10.25,descending,187.45111
37.75,-10.0,descending,187.42
37.75,-9.75,descending,187.16428
37.75,-9.5,descending,186.91249
37.75,-9.25,descending,189.825
37.75,-9.0,descending,203.29857
37.75,-8.75,descending,232.49222
37.75,-8.5,descending,262.735
37.75,-8.25,descending,274.38428
37.75,-8.0,descending,277.41873
37.75,-7.75,descending,277.26373
37.75,-7.5,descending,277.06833
37.75,-7.25,descending,275.3675
37.75,-7.0,descending,275.33334
37.75,-6.75,descending,276.09998
37.75,-6.5,descending,278.19666
37.75,-6.25,descending,279.72333
37.75,-6.0,descending,279.69998
37.75,-5.75,descending,279.62143
37.75,-5.5,descending,280.58
37.75,-5.25,descending,280.64835
37.75,-5.0,descending,280.60623
37.75,-4.75,descending,280.83
37.75,-4.5,descending,281.52444
37.75,-4.25,descending,281.815
37.75,-4.0,descending,281.47498
37.75,-3.75,descending,280.59857
37.75,-3.5,descending,279.602
37.75,-3.25,descending,279.27713
37.75,-3.0,descending,278.00372
37.75,-2.75,descending,276.81
37.75,-2.5,descending,276.3925
37.75,-2.25,descending,276.27713
37.75,-2.0,descending,272.84375
37.75,-1.75,descending,262.62427
37.75,-1.5,descending,252.24428
37.75,-1.25,descending,241.23875
37.75,-1.0,descending,233.85999
37.75,-0.75,descending,209.54713
37.75,-0.5,descending,196.63857
37.75,-0.25,descending,193.7025
37.75,-0.0,descending,190.79399
37.75,0.25,descending,193.21428
37.75,0.5,descending,193.6025
37.75,0.75,descending,194.01999
37.75,1.0,descending,194.42625
37.75,1.25,descending,194.8775
37.75,1.5,descending,195.3
37.75,1.75,descending,195.755
37.75,2.0,descending,196.26776
37.75,2.25,descending,196.853
37.75,2.5,descending,197.342
37.75,2.75,descending,197.78333
37.75,3.0,descending,198.12222
37.75,3.25,descending,198.33636
37.75,3.5,descending,198.40332
37.75,3.75,descending,198.27428
37.75,4.0,descending,198.00465
37.75,4.25,descending,197.76857
37.75,4.5,descending,197.5995
37.75,4.75,descending,197.64719
37.75,5.0,descending,197.82666
37.75,11.0,descending,196.04668
37.75,11.25,descending,195.74895
37.75,11.5,descending,195.62352
37.75,11.75,descending,196.12285
37.75,12.0,descending,198.33917
37.75,12.25,descending,204.74834
37.75,12.5,descending,217.89908
37.75,12.75,descending,233.35898
37.75,13.0,descending,245.746
37.75,13.25,descending,252.773
37.75,13.5,descending,260.9
37.75,13.75,descending,266.59625
37.75,14.0,descending,271.7911
37.75,14.25,descending,273.96
37.75,14.5,descending,275.4125
37.75,14.75,descending,274.45874
37.75,15.0,descending,264.81
37.75,15.25,descending,242.70857
37.75,15.5,descending,216.82555
37.75,15.75,descending,203.52875
37.75,16.0,descending,197.99715
37.75,16.25,descending,195.70667
37.75,16.5,descending,194.43713
37.75,16.75,descending,194.44165
37.75,17.0,descending,194.58374
37.75,17.25,descending,194.68
37.75,17.5,descending,194.89667
37.75,17.75,descending,195.28749
37.75,18.0,descending,195.71167
37.75,18.25,descending,195.895
37.75,18.5,descending,196.08142
37.75,18.75,descending,196.31999
37.75,19.0,descending,196.72571
37.75,19.25,descending,196.9675
37.75,19.5,descending,196.97125
37.75,19.75,descending,196.976
37.75,20.0,descending,197.26572
37.75,20.25,descending,198.91713
37.75,20.5,descending,201.95857
37.75,20.75,descending,205.06999
37.75,21.0,descending,206.89
37.75,21.25,descending,218.33714
37.75,21.5,descending,242.41399
37.75,21.75,descending,264.59833
37.75,22.0,descending,272.50125
37.75,22.25,descending,272.05142
37.75,22.5,descending,267.43
37.75,22.75,descending,255.3243
37.75,23.0,descending,241.5325
37.75,23.25,descending,225.45285
37.75,23.5,descending,214.18666
37.75,23.75,descending,207.31142
37.75,24.0,descending,206.36
37.75,24.25,descending,200.64874
37.75,24.5,descending,196.72874
37.75,24.75,descending,199.15332
37.75,25.0,descending,198.65286
37.75,25.25,descending,196.44913
37.75,25.5,descending,193.4329
37.75,25.75,descending,192.43317
37.75,26.0,descending,194.0655
37.75,26.25,descending,196.46222
37.75,26.5,descending,200.66331
37.75,26.75,descending,207.40898
37.75,27.0,descending,220.6595
37.75,27.25,descending,243.46158
37.75,27.5,descending,265.169
37.75,27.75,descending,273.3385
37.75,28.0,descending,277.421
37.75,28.25,descending,278.33148
37.75,28.5,descending,277.58047
37.75,28.75,descending,275.99588
37.75,29.0,descending,274.2321
37.75,29.25,descending,272.93768
37.75,29.5,descending,271.12302
37.75,29.75,descending,270.5175
37.75,30.0,descending,268.56857
37.75,30.25,descending,268.42502
37.75,30.5,descending,269.69144
37.75,30.75,descending,270.55832
37.75,31.0,descending,269.84375
37.75,31.25,descending,265.70712
37.75,31.5,descending,260.77332
37.75,31.75,descending,265.39716
37.75,32.0,descending,268.4157
37.75,32.25,descending,268.91833
37.75,32.5,descending,269.58
37.75,32.75,descending,270.36285
37.75,33.0,descending,270.85428
37.75,33.25,descending,270.998
37.75,33.5,descending,270.70667
37.75,33.75,descending,269.9225
37.75,34.0,descending,268.49
37.75,34.25,descending,267.078
37.75,34.5,descending,266.70428
37.75,34.75,descending,268.03287
37.75,35.0,descending,269.27597
37.75,35.25,descending,271.37375
37.75,35.5,descending,274.05142
37.75,35.75,descending,275.18625
37.75,36.0,descending,273.91
37.75,36.25,descending,272.16748
37.75,36.5,descending,270.75833
37.75,36.75,descending,269.57
37.75,37.0,descending,268.9325
37.75,37.25,descending,268.6243
37.75,37.5,descending,268.41876
37.75,37.75,descending,268.17572
37.75,38.0,descending,267.00998
38.0,-13.0,descending,188.5957
38.0,-12.75,descending,188.50308
38.0,-12.5,descending,188.4546
38.0,-12.25,descending,188.38182
38.0,-12.0,descending,188.24727
38.0,-11.75,descending,187.90166
38.0,-11.5,descending,187.53001
38.0,-11.25,descending,187.22333
38.0,-11.0,descending,187.14334
38.0,-10.75,descending,187.11111
38.0,-10.5,descending,187.07666
38.0,-10.25,descending,187.13374
38.0,-10.0,descending,187.29778
38.0,-9.75,descending,187.29555
38.0,-9.5,descending,187.26498
38.0,-9.25,descending,189.23874
38.0,-9.0,descending,203.12625
38.0,-8.75,descending,233.17499
38.0,-8.5,descending,262.72623
38.0,-8.25,descending,276.62
38.0,-8.0,descending,279.50998
38.0,-7.75,descending,279.63666
38.0,-7.5,descending,279.505
38.0,-7.25,descending,279.84164
38.0,-7.0,descending,280.33856
38.0,-6.75,descending,280.77167
38.0,-6.5,descending,281.16998
38.0,-6.25,descending,281.74997
38.0,-6.0,descending,281.88623
38.0,-5.75,descending,281.9457
38.0,-5.5,descending,281.66
38.0,-5.25,descending,281.57
38.0,-5.0,descending,281.382
38.0,-4.75,descending,281.39874
38.0,-4.5,descending,282.24142
38.0,-4.25,descending,282.72427
38.0,-4.0,descending,282.96664
38.0,-3.75,descending,282.6014
38.0,-3.5,descending,281.62375
38.0,-3.25,descending,281.44598
38.0,-3.0,descending,279.87286
38.0,-2.75,descending,277.96997
38.0,-2.5,descending,276.9
38.0,-2.25,descending,277.08286
38.0,-2.0,descending,277.2725
38.0,-1.75,descending,275.0657
38.0,-1.5,descending,270.255
38.0,-1.25,descending,265.25714
38.0,-1.0,descending,251.00624
38.0,-0.75,descending,223.45714
38.0,-0.5,descending,202.56624
38.0,-0.25,descending,196.08571
38.0,-0.0,descending,192.96777
38.0,0.25,descending,194.01
38.0,0.5,descending,193.89375
38.0,0.75,descending,194.02249
38.0,1.0,descending,194.458
38.0,1.25,descending,194.9975
38.0,1.5,descending,195.491
38.0,1.75,descending,195.99777
38.0,2.0,descending,196.50111
38.0,2.25,descending,196.9589
38.0,2.5,descending,197.42099
38.0,2.75,descending,197.78271
38.0,3.0,descending,198.16083
38.0,3.25,descending,198.56363
38.0,3.5,descending,198.90498
38.0,3.75,descending,198.96385
38.0,4.0,descending,198.90462
38.0,4.25,descending,198.75528
38.0,4.5,descending,198.43578
38.0,4.75,descending,198.30453
38.0,5.0,descending,198.48166
38.0,11.0,descending,195.47
38.0,11.25,descending,195.37683
38.0,11.5,descending,195.48999
38.0,11.75,descending,195.96666
38.0,12.0,descending,197.6723
38.0,12.25,descending,204.03923
38.0,12.5,descending,218.54231
38.0,12.75,descending,238.376
38.0,13.0,descending,252.66599
38.0,13.25,descending,259.572
38.0,13.5,descending,259.351
38.0,13.75,descending,258.306
38.0,14.0,descending,256.7111
38.0,14.25,descending,259.125
38.0,14.5,descending,263.24777
38.0,14.75,descending,266.03888
38.0,15.0,descending,265.12875
38.0,15.25,descending,251.12999
38.0,15.5,descending,232.26712
38.0,15.75,descending,223.77856
38.0,16.0,descending,215.52667
38.0,16.25,descending,203.91
38.0,16.5,descending,197.32875
38.0,16.75,descending,194.80556
38.0,17.0,descending,194.81166
38.0,17.25,descending,194.76143
38.0,17.5,descending,194.77144
38.0,17.75,descending,195.06857
38.0,18.0,descending,195.66713
38.0,18.25,descending,196.105
38.0,18.5,descending,196.35143
38.0,18.75,descending,196.52428
38.0,19.0,descending,196.70999
38.0,19.25,descending,196.90875
38.0,19.5,descending,197.00713
38.0,19.75,descending,197.06285
38.0,20.0,descending,197.95
38.0,20.25,descending,200.84799
38.0,20.5,descending,207.54375
38.0,20.75,descending,210.16286
38.0,21.0,descending,212.20833
38.0,21.25,descending,229.02625
38.0,21.5,descending,252.04286
38.0,21.75,descending,266.92285
38.0,22.0,descending,269.788
38.0,22.25,descending,266.45712
38.0,22.5,descending,259.805
38.0,22.75,descending,253.5743
38.0,23.0,descending,246.39374
38.0,23.25,descending,236.40166
38.0,23.5,descending,229.18001
38.0,23.75,descending,230.27713
38.0,24.0,descending,220.23874
38.0,24.25,descending,208.40714
38.0,24.5,descending,201.51
38.0,24.75,descending,199.73999
38.0,25.0,descending,196.14125
38.0,25.25,descending,194.1084
38.0,25.5,descending,191.654
38.0,25.75,descending,191.60046
38.0,26.0,descending,193.66547
38.0,26.25,descending,196.35143
38.0,26.5,descending,203.103
38.0,26.75,descending,213.35052
38.0,27.0,descending,229.86523
38.0,27.25,descending,251.17
38.0,27.5,descending,265.9521
38.0,27.75,descending,274.7914
38.0,28.0,descending,277.5795
38.0,28.25,descending,278.24762
38.0,28.5,descending,277.94427
38.0,28.75,descending,276.79623
38.0,29.0,descending,275.13385
38.0,29.25,descending,273.45963
38.0,29.5,descending,271.38095
38.0,29.75,descending,271.00092
38.0,30.0,descending,269.8
38.0,30.25,descending,268.075
38.0,30.5,descending,266.6743
38.0,30.75,descending,264.28333
38.0,31.0,descending,264.45334
38.0,31.25,descending,263.9025
38.0,31.5,descending,259.71857
38.0,31.75,descending,262.64874
38.0,32.0,descending,267.83286
38.0,32.25,descending,269.1443
38.0,32.5,descending,269.77332
38.0,32.75,descending,270.2383
38.0,33.0,descending,270.39285
38.0,33.25,descending,270.69
38.0,33.5,descending,270.98166
38.0,33.75,descending,270.88428
38.0,34.0,descending,270.0825
38.0,34.25,descending,268.28998
38.0,34.5,descending,267.5057
38.0,34.75,descending,267.50287
38.0,35.0,descending,267.30856
38.0,35.25,descending,268.374
38.0,35.5,descending,271.08624
38.0,35.75,descending,272.3514
38.0,36.0,descending,271.23248
38.0,36.25,descending,269.26285
38.0,36.5,descending,267.68
38.0,36.75,descending,266.94626
38.0,37.0,descending,265.61713
38.0,37.25,descending,265.39374
38.0,37.5,descending,265.6743
38.0,37.75,descending,266.30426
38.0,38.0,descending,266.07
38.25,-13.0,descending,187.6757
38.25,-12.75,descending,187.51143
38.25,-12.5,descending,187.49416
38.25,-12.25,descending,187.48167
38.25,-12.0,descending,187.51817
38.25,-11.75,descending,187.37111
38.25,-11.5,descending,187.134
38.25,-11.25,descending,186.91125
38.25,-11.0,descending,186.849
38.25,-10.75,descending,186.92
38.25,-10.5,descending,186.92778
38.25,-10.25,descending,186.87625
38.25,-10.0,descending,187.02625
38.25,-9.75,descending,187.57857
38.25,-9.5,descending,189.15375
38.25,-9.25,descending,191.915
38.25,-9.0,descending,202.85374
38.25,-8.75,descending,230.79999
38.25,-8.5,descending,261.13715
38.25,-8.25,descending,276.1783
38.25,-8.0,descending,279.5722
38.25,-7.75,descending,279.0357
38.25,-7.5,descending,278.195
38.25,-7.25,descending,279.83286
38.25,-7.0,descending,281.09
38.25,-6.75,descending,281.66
38.25,-6.5,descending,281.6775
38.25,-6.25,descending,281.69
38.25,-6.0,descending,281.83286
38.25,-5.75,descending,282.164
38.25,-5.5,descending,282.4111
38.25,-5.25,descending,282.42798
38.25,-5.0,descending,282.30286
38.25,-4.75,descending,282.70856
38.25,-4.5,descending,282.822
38.25,-4.25,descending,283.23285
38.25,-4.0,descending,283.47714
38.25,-3.75,descending,283.22
38.25,-3.5,descending,282.89124
38.25,-3.25,descending,282.49286
38.25,-3.0,descending,281.285
38.25,-2.75,descending,279.454
38.25,-2.5,descending,278.49374
38.25,-2.25,descending,278.22714
38.25,-2.0,descending,278.50714
38.25,-1.75,descending,278.3125
38.25,-1.5,descending,276.69
38.25,-1.25,descending,274.40427
38.25,-1.0,descending,262.66
38.25,-0.75,descending,242.03
38.25,-0.5,descending,216.2475
38.25,-0.25,descending,203.06334
38.25,-0.0,descending,196.00111
38.25,0.25,descending,195.41
38.25,0.5,descending,194.3125
38.25,0.75,descending,194.11
38.25,1.0,descending,194.48
38.25,1.25,descending,195.10374
38.25,1.5,descending,195.5625
38.25,1.75,descending,195.86874
38.25,2.0,descending,196.33
38.25,2.25,descending,196.85222
38.25,2.5,descending,197.29333
38.25,2.75,descending,197.68999
38.25,3.0,descending,198.09727
38.25,3.25,descending,198.65582
38.25,3.5,descending,199.30249
38.25,3.75,descending,199.73999
38.25,4.0,descending,200.0025
38.25,4.25,descending,199.82358
38.25,4.5,descending,199.31438
38.25,4.75,descending,198.99445
38.25,5.0,descending,199.13808
38.25,5.25,descending,199.2
38.25,11.25,descending,195.35437
38.25,11.5,descending,195.48059
38.25,11.75,descending,195.65532
38.25,12.0,descending,196.05713
38.25,12.25,descending,197.73083
38.25,12.5,descending,203.01999
38.25,12.75,descending,213.1018
38.25,13.0,descending,226.03001
38.25,13.25,descending,232.345
38.25,13.5,descending,232.85454
38.25,13.75,descending,227.3525
38.25,14.0,descending,225.88777
38.25,14.25,descending,224.54874
38.25,14.5,descending,227.59999
38.25,14.75,descending,230.46571
38.25,15.0,descending,242.09125
38.25,15.25,descending,242.14
38.25,15.5,descending,239.4825
38.25,15.75,descending,239.88857
38.25,16.0,descending,244.645
38.25,16.25,descending,229.1575
38.25,16.5,descending,205.87666
38.25,16.75,descending,197.42833
38.25,17.0,descending,195.16429
38.25,17.25,descending,194.96143
38.25,17.5,descending,194.81
38.25,17.75,descending,194.96832
38.25,18.0,descending,195.44875
38.25,18.25,descending,196.02798
38.25,18.5,descending,196.30286
38.25,18.75,descending,196.40001
38.25,19.0,descending,196.5657
38.25,19.25,descending,196.68999
38.25,19.5,descending,196.89
38.25,19.75,descending,197.06375
38.25,20.0,descending,198.444
38.25,20.25,descending,204.35374
38.25,20.5,descending,215.02167
38.25,20.75,descending,214.62285
38.25,21.0,descending,214.90714
38.25,21.25,descending,231.6
38.25,21.5,descending,251.325
38.25,21.75,descending,263.98712
38.25,22.0,descending,265.17715
38.25,22.25,descending,256.42798
38.25,22.5,descending,250.64749
38.25,22.75,descending,248.72499
38.25,23.0,descending,250.09
38.25,23.25,descending,248.39
38.25,23.5,descending,248.86124
38.25,23.75,descending,248.38428
38.25,24.0,descending,231.58624
38.25,24.25,descending,213.92334
38.25,24.5,descending,202.31125
38.25,24.75,descending,195.09499
38.25,25.0,descending,190.32384
38.25,25.25,descending,189.87769
38.25,25.5,descending,190.935
38.25,25.75,descending,195.4109
38.25,26.0,descending,202.03809
38.25,26.25,descending,207.09749
38.25,26.5,descending,216.60649
38.25,26.75,descending,228.57889
38.25,27.0,descending,244.36948
38.25,27.25,descending,260.2355
38.25,27.5,descending,270.44748
38.25,27.75,descending,274.99
38.25,28.0,descending,276.74152
38.25,28.25,descending,277.119
38.25,28.5,descending,277.04648
38.25,28.75,descending,275.77618
38.25,29.0,descending,274.82092
38.25,29.25,descending,273.79953
38.25,29.5,descending,272.66534
38.25,29.75,descending,271.41998
38.25,30.0,descending,271.70142
38.25,30.25,descending,270.5657
38.25,30.5,descending,267.73
38.25,30.75,descending,263.53665
38.25,31.0,descending,261.63998
38.25,31.25,descending,264.35
38.25,31.5,descending,264.88998
38.25,31.75,descending,266.06
38.25,32.0,descending,268.34427
38.25,32.25,descending,270.01166
38.25,32.5,descending,270.33624
38.25,32.75,descending,270.45428
38.25,33.0,descending,269.46857
38.25,33.25,descending,268.58835
38.25,33.5,descending,269.705
38.25,33.75,descending,270.79285
38.25,34.0,descending,270.5533
38.25,34.25,descending,268.91165
38.25,34.5,descending,268.16428
38.25,34.75,descending,268.422
38.25,35.0,descending,267.89374
38.25,35.25,descending,267.59714
38.25,35.5,descending,269.008
38.25,35.75,descending,269.03998
38.25,36.0,descending,267.83142
38.25,36.25,descending,265.91428
38.25,36.5,descending,264.60626
38.25,36.75,descending,263.84857
38.25,37.0,descending,263.03375
38.25,37.25,descending,262.4957
38.25,37.5,descending,262.96
38.25,37.75,descending,264.07858
38.25,38.0,descending,264.6475
38.5,-13.0,descending,186.9357
38.5,-12.75,descending,186.73386
38.5,-12.5,descending,186.60153
38.5,-12.25,descending,186.61833
38.5,-12.0,descending,186.86728
38.5,-11.75,descending,187.04364
38.5,-11.5,descending,187.1191
38.5,-11.25,descending,187.083
38.5,-11.0,descending,187.086
38.5,-10.75,descending,187.10889
38.5,-10.5,descending,187.04555
38.5,-10.25,descending,186.88556
38.5,-10.0,descending,187.09222
38.5,-9.75,descending,189.10124
38.5,-9.5,descending,193.34375
38.5,-9.25,descending,203.23444
38.5,-9.0,descending,216.03429
38.5,-8.75,descending,235.88165
38.5,-8.5,descending,260.6211
38.5,-8.25,descending,276.60498
38.5,-8.0,descending,280.08572
38.5,-7.75,descending,279.47998
38.5,-7.5,descending,277.51166
38.5,-7.25,descending,277.94284
38.5,-7.0,descending,280.14716
38.5,-6.75,descending,281.17572
38.5,-6.5,descending,280.91333
38.5,-6.25,descending,280.75623
38.5,-6.0,descending,281.19333
38.5,-5.75,descending,281.77713
38.5,-5.5,descending,282.2283
38.5,-5.25,descending,282.56332
38.5,-5.0,descending,282.97668
38.5,-4.75,descending,283.47333
38.5,-4.5,descending,283.51498
38.5,-4.25,descending,283.1257
38.5,-4.0,descending,282.9157
38.5,-3.75,descending,282.4757
38.5,-3.5,descending,281.74332
38.5,-3.25,descending,281.94858
38.5,-3.0,descending,281.35248
38.5,-2.75,descending,280.44333
38.5,-2.5,descending,279.71664
38.5,-2.25,descending,278.86
38.5,-2.0,descending,278.44998
38.5,-1.75,descending,277.93283
38.5,-1.5,descending,277.1
38.5,-1.25,descending,275.966
38.5,-1.0,descending,271.63998
38.5,-0.75,descending,260.02856
38.5,-0.5,descending,238.75624
38.5,-0.25,descending,220.46124
38.5,-0.0,descending,202.056
38.5,0.25,descending,198.41249
38.5,0.5,descending,195.07625
38.5,0.75,descending,194.4357
38.5,1.0,descending,195.08376
38.5,1.25,descending,196.47874
38.5,1.5,descending,196.93555
38.5,1.75,descending,196.10443
38.5,2.0,descending,196.00223
38.5,2.25,descending,196.38222
38.5,2.5,descending,196.876
38.5,2.75,descending,197.30888
38.5,3.0,descending,197.969
38.5,3.25,descending,198.688
38.5,3.5,descending,199.47455
38.5,3.75,descending,200.35167
38.5,4.0,descending,200.74692
38.5,4.25,descending,200.4
38.5,4.5,descending,199.68176
38.5,4.75,descending,199.18263
38.5,5.0,descending,198.9972
38.5,5.25,descending,198.75334
38.5,11.25,descending,195.46999
38.5,11.5,descending,195.5221
38.5,11.75,descending,195.62265
38.5,12.0,descending,195.59692
38.5,12.25,descending,195.54999
38.5,12.5,descending,196.0
38.5,12.75,descending,197.42363
38.5,13.0,descending,200.81273
38.5,13.25,descending,205.0
38.5,13.5,descending,204.70111
38.5,13.75,descending,204.824
38.5,14.0,descending,201.721
38.5,14.25,descending,200.42778
38.5,14.5,descending,200.769
38.5,14.75,descending,205.4343
38.5,15.0,descending,209.50333
38.5,15.25,descending,211.70999
38.5,15.5,descending,216.70749
38.5,15.75,descending,230.61125
38.5,16.0,descending,250.67123
38.5,16.25,descending,254.12141
38.5,16.5,descending,231.05222
38.5,16.75,descending,204.155
38.5,17.0,descending,196.89429
38.5,17.25,descending,195.23
38.5,17.5,descending,195.04
38.5,17.75,descending,195.02428
38.5,18.0,descending,195.32713
38.5,18.25,descending,195.85715
38.5,18.5,descending,196.1757
38.5,18.75,descending,196.22499
38.5,19.0,descending,196.29285
38.5,19.25,descending,196.456
38.5,19.5,descending,196.66888
38.5,19.75,descending,196.906
38.5,20.0,descending,197.76428
38.5,20.25,descending,204.09499
38.5,20.5,descending,215.22571
38.5,20.75,descending,220.99571
38.5,21.0,descending,225.21428
38.5,21.25,descending,234.01833
38.5,21.5,descending,251.32286
38.5,21.75,descending,261.8857
38.5,22.0,descending,262.57498
38.5,22.25,descending,256.53854
38.5,22.5,descending,250.79
38.5,22.75,descending,252.11284
38.5,23.0,descending,254.45999
38.5,23.25,descending,254.94713
38.5,23.5,descending,255.05
38.5,23.75,descending,250.74284
38.5,24.0,descending,232.95
38.5,24.25,descending,211.14857
38.5,24.5,descending,197.5
38.5,24.75,descending,189.9175
38.5,25.0,descending,187.63333
38.5,25.25,descending,188.32443
38.5,25.5,descending,190.97269
38.5,25.75,descending,198.63391
38.5,26.0,descending,207.82954
38.5,26.25,descending,216.0275
38.5,26.5,descending,226.03773
38.5,26.75,descending,238.70683
38.5,27.0,descending,254.10527
38.5,27.25,descending,267.02737
38.5,27.5,descending,273.253
38.5,27.75,descending,275.35748
38.5,28.0,descending,275.8576
38.5,28.25,descending,276.2158
38.5,28.5,descending,276.03598
38.5,28.75,descending,275.4813
38.5,29.0,descending,274.96863
38.5,29.25,descending,274.67624
38.5,29.5,descending,273.67184
38.5,29.75,descending,272.8115
38.5,30.0,descending,272.34317
38.5,30.25,descending,272.09857
38.5,30.5,descending,270.91666
38.5,30.75,descending,267.04
38.5,31.0,descending,264.35858
38.5,31.25,descending,264.25714
38.5,31.5,descending,266.65286
38.5,31.75,descending,268.77713
38.5,32.0,descending,270.19284
38.5,32.25,descending,271.12625
38.5,32.5,descending,271.4943
38.5,32.75,descending,270.70667
38.5,33.0,descending,268.01855
38.5,33.25,descending,264.18713
38.5,33.5,descending,265.40854
38.5,33.75,descending,269.01334
38.5,34.0,descending,270.76855
38.5,34.25,descending,269.75714
38.5,34.5,descending,269.25287
38.5,34.75,descending,269.4114
38.5,35.0,descending,269.66998
38.5,35.25,descending,268.6314
38.5,35.5,descending,268.495
38.5,35.75,descending,268.04
38.5,36.0,descending,265.99
38.5,36.25,descending,263.87427
38.5,36.5,descending,262.8157
38.5,36.75,descending,262.15857
38.5,37.0,descending,261.66125
38.5,37.25,descending,261.20428
38.5,37.5,descending,261.65
38.5,37.75,descending,262.97
38.5,38.0,descending,263.6575
38.75,-13.0,descending,186.74571
38.75,-12.75,descending,186.57498
38.75,-12.5,descending,186.44693
38.75,-12.25,descending,186.50581
38.75,-12.0,descending,186.71
38.75,-11.75,descending,187.017
38.75,-11.5,descending,187.226
38.75,-11.25,descending,187.30444
38.75,-11.0,descending,187.32
38.75,-10.75,descending,187.32889
38.75,-10.5,descending,187.2089
38.75,-10.25,descending,186.9825
38.75,-10.0,descending,187.72
38.75,-9.75,descending,192.0625
38.75,-9.5,descending,203.92499
38.75,-9.25,descending,218.48999
38.75,-9.0,descending,233.9775
38.75,-8.75,descending,250.75125
38.75,-8.5,descending,266.44165
38.75,-8.25,descending,276.07285
38.75,-8.0,descending,280.10715
38.75,-7.75,descending,280.33334
38.75,-7.5,descending,279.09375
38.75,-7.25,descending,278.5186
38.75,-7.0,descending,279.63623
38.75,-6.75,descending,280.355
38.75,-6.5,descending,279.91
38.75,-6.25,descending,279.3857
38.75,-6.0,descending,280.24857
38.75,-5.75,descending,281.16376
38.75,-5.5,descending,281.6133
38.75,-5.25,descending,281.87
38.75,-5.0,descending,282.496
38.75,-4.75,descending,283.29333
38.75,-4.5,descending,283.15143
38.75,-4.25,descending,282.45834
38.75,-4.0,descending,281.60165
38.75,-3.75,descending,280.55283
38.75,-3.5,descending,279.99832
38.75,-3.25,descending,279.49332
38.75,-3.0,descending,279.58142
38.75,-2.75,descending,279.73373
38.75,-2.5,descending,279.47284
38.75,-2.25,descending,278.95
38.75,-2.0,descending,277.93668
38.75,-1.75,descending,277.2825
38.75,-1.5,descending,276.46832
38.75,-1.25,descending,276.09427
38.75,-1.0,descending,275.49857
38.75,-0.75,descending,271.99713
38.75,-0.5,descending,260.27
38.75,-0.25,descending,241.53499
38.75,-0.0,descending,214.97444
38.75,0.25,descending,202.62834
38.75,0.5,descending,195.875
38.75,0.75,descending,194.98999
38.75,1.0,descending,197.095
38.75,1.25,descending,201.05374
38.75,1.5,descending,200.77124
38.75,1.75,descending,196.95714
38.75,2.0,descending,195.86223
38.75,2.25,descending,196.11
38.75,2.5,descending,196.39555
38.75,2.75,descending,196.99399
38.75,3.0,descending,197.79
38.75,3.25,descending,198.50699
38.75,3.5,descending,199.37799
38.75,3.75,descending,200.24545
38.75,4.0,descending,200.59285
38.75,4.25,descending,200.28082
38.75,4.5,descending,199.66501
38.75,4.75,descending,199.10294
38.75,5.0,descending,198.67331
38.75,5.25,descending,198.34375
38.75,11.25,descending,195.46332
38.75,11.5,descending,195.51166
38.75,11.75,descending,195.51067
38.75,12.0,descending,195.46933
38.75,12.25,descending,195.37584
38.75,12.5,descending,195.34999
38.75,12.75,descending,195.48817
38.75,13.0,descending,195.9109
38.75,13.25,descending,196.172
38.75,13.5,descending,196.19333
38.75,13.75,descending,195.39749
38.75,14.0,descending,194.35889
38.75,14.25,descending,193.7475
38.75,14.5,descending,193.6075
38.75,14.75,descending,194.52888
38.75,15.0,descending,195.83875
38.75,15.25,descending,196.60143
38.75,15.5,descending,199.08858
38.75,15.75,descending,207.4325
38.75,16.0,descending,232.5057
38.75,16.25,descending,256.5357
38.75,16.5,descending,251.44832
38.75,16.75,descending,223.53429
38.75,17.0,descending,202.89667
38.75,17.25,descending,197.04428
38.75,17.5,descending,195.33374
38.75,17.75,descending,195.36333
38.75,18.0,descending,195.51
38.75,18.25,descending,195.77
38.75,18.5,descending,195.97427
38.75,18.75,descending,195.96143
38.75,19.0,descending,195.97714
38.75,19.25,descending,196.2057
38.75,19.5,descending,196.38332
38.75,19.75,descending,196.62
38.75,20.0,descending,197.21625
38.75,20.25,descending,201.022
38.75,20.5,descending,214.99625
38.75,20.75,descending,227.41333
38.75,21.0,descending,239.70833
38.75,21.25,descending,251.75285
38.75,21.5,descending,259.87833
38.75,21.75,descending,266.76834
38.75,22.0,descending,268.37375
38.75,22.25,descending,264.8583
38.75,22.5,descending,260.34125
38.75,22.75,descending,257.15143
38.75,23.0,descending,253.11624
38.75,23.25,descending,247.89572
38.75,23.5,descending,244.35
38.75,23.75,descending,234.40141
38.75,24.0,descending,220.93857
38.75,24.25,descending,204.04834
38.75,24.5,descending,194.72624
38.75,24.75,descending,189.51833
38.75,25.0,descending,186.85875
38.75,25.25,descending,187.65749
38.75,25.5,descending,189.43423
38.75,25.75,descending,194.42667
38.75,26.0,descending,201.89954
38.75,26.25,descending,207.77701
38.75,26.5,descending,217.33684
38.75,26.75,descending,232.31685
38.75,27.0,descending,254.66841
38.75,27.25,descending,267.74942
38.75,27.5,descending,273.18893
38.75,27.75,descending,275.11557
38.75,28.0,descending,275.5558
38.75,28.25,descending,275.8335
38.75,28.5,descending,275.90472
38.75,28.75,descending,275.8545
38.75,29.0,descending,275.6687
38.75,29.25,descending,275.2981
38.75,29.5,descending,274.54584
38.75,29.75,descending,273.40268
38.75,30.0,descending,272.5557
38.75,30.25,descending,272.96
38.75,30.5,descending,272.68716
38.75,30.75,descending,271.43857
38.75,31.0,descending,268.52832
38.75,31.25,descending,266.82
38.75,31.5,descending,266.88284
38.75,31.75,descending,269.4943
38.75,32.0,descending,271.01285
38.75,32.25,descending,271.75143
38.75,32.5,descending,271.92334
38.75,32.75,descending,271.04572
38.75,33.0,descending,266.27332
38.75,33.25,descending,259.32166
38.75,33.5,descending,258.83142
38.75,33.75,descending,266.70142
38.75,34.0,descending,270.68
38.75,34.25,descending,270.85715
38.75,34.5,descending,270.31198
38.75,34.75,descending,270.52875
38.75,35.0,descending,270.444
38.75,35.25,descending,269.45334
38.75,35.5,descending,268.845
38.75,35.75,descending,268.27142
38.75,36.0,descending,266.40335
38.75,36.25,descending,263.925
38.75,36.5,descending,262.7775
38.75,36.75,descending,262.06427
38.75,37.0,descending,261.55856
38.75,37.25,descending,261.27713
38.75,37.5,descending,261.38397
38.75,37.75,descending,262.29
38.75,38.0,descending,263.09998
39.0,-13.0,descending,186.8157
39.0,-12.75,descending,186.71214
39.0,-12.5,descending,186.73286
39.0,-12.25,descending,186.89088
39.0,-12.0,descending,187.10077
39.0,-11.75,descending,187.34181
39.0,-11.5,descending,187.48698
39.0,-11.25,descending,187.57555
39.0,-11.0,descending,187.53818
39.0,-10.75,descending,187.45874
39.0,-10.5,descending,187.27888
39.0,-10.25,descending,187.03749
39.0,-10.0,descending,187.5675
39.0,-9.75,descending,193.67749
39.0,-9.5,descending,211.07625
39.0,-9.25,descending,235.75374
39.0,-9.0,descending,251.21748
39.0,-8.75,descending,263.56714
39.0,-8.5,descending,272.4475
39.0,-8.25,descending,277.8125
39.0,-8.0,descending,280.01123
39.0,-7.75,descending,280.4957
39.0,-7.5,descending,280.44144
39.0,-7.25,descending,279.96667
39.0,-7.0,descending,280.0975
39.0,-6.75,descending,280.3
39.0,-6.5,descending,280.3125
39.0,-6.25,descending,279.55832
39.0,-6.0,descending,279.59857
39.0,-5.75,descending,280.23166
39.0,-5.5,descending,280.35428
39.0,-5.25,descending,280.2557
39.0,-5.0,descending,281.49
39.0,-4.75,descending,282.12668
39.0,-4.5,descending,281.97858
39.0,-4.25,descending,280.86713
39.0,-4.0,descending,279.895
39.0,-3.75,descending,278.60602
39.0,-3.5,descending,277.925
39.0,-3.25,descending,277.34665
39.0,-3.0,descending,277.70834
39.0,-2.75,descending,277.96286
39.0,-2.5,descending,278.17624
39.0,-2.25,descending,277.95856
39.0,-2.0,descending,277.35858
39.0,-1.75,descending,276.94427
39.0,-1.5,descending,276.59875
39.0,-1.25,descending,276.89285
39.0,-1.0,descending,277.75125
39.0,-0.75,descending,276.16714
39.0,-0.5,descending,268.03
39.0,-0.25,descending,247.67
39.0,-0.0,descending,215.84222
39.0,0.25,descending,201.4525
39.0,0.5,descending,196.01125
39.0,0.75,descending,195.57375
39.0,1.0,descending,199.855
39.0,1.25,descending,206.51125
39.0,1.5,descending,204.95999
39.0,1.75,descending,197.69666
39.0,2.0,descending,195.72554
39.0,2.25,descending,195.96777
39.0,2.5,descending,196.711
39.0,2.75,descending,198.23222
39.0,3.0,descending,199.846
39.0,3.25,descending,199.853
39.0,3.5,descending,199.26666
39.0,3.75,descending,199.52083
39.0,4.0,descending,199.84833
39.0,4.25,descending,199.70667
39.0,4.5,descending,199.28874
39.0,4.75,descending,198.79599
39.0,5.0,descending,198.35632
39.0,5.25,descending,198.02
39.0,5.5,descending,197.90454
39.0,11.25,descending,195.42665
39.0,11.5,descending,195.35849
39.0,11.75,descending,195.26666
39.0,12.0,descending,195.19667
39.0,12.25,descending,195.18768
39.0,12.5,descending,195.22667
39.0,12.75,descending,195.26
39.0,13.0,descending,195.16833
39.0,13.25,descending,194.866
39.0,13.5,descending,194.405
39.0,13.75,descending,193.449
39.0,14.0,descending,192.68124
39.0,14.25,descending,192.28333
39.0,14.5,descending,192.23999
39.0,14.75,descending,192.56125
39.0,15.0,descending,193.08124
39.0,15.25,descending,193.74554
39.0,15.5,descending,195.14777
39.0,15.75,descending,202.3243
39.0,16.0,descending,221.105
39.0,16.25,descending,247.315
39.0,16.5,descending,260.34
39.0,16.75,descending,245.56999
39.0,17.0,descending,221.42374
39.0,17.25,descending,204.10667
39.0,17.5,descending,197.24875
39.0,17.75,descending,195.62
39.0,18.0,descending,195.56125
39.0,18.25,descending,195.58667
39.0,18.5,descending,195.57124
39.0,18.75,descending,195.55833
39.0,19.0,descending,195.62428
39.0,19.25,descending,195.79143
39.0,19.5,descending,196.14
39.0,19.75,descending,196.75427
39.0,20.0,descending,198.47714
39.0,20.25,descending,202.67285
39.0,20.5,descending,215.89833
39.0,20.75,descending,234.53
39.0,21.0,descending,247.06857
39.0,21.25,descending,263.2857
39.0,21.5,descending,267.87997
39.0,21.75,descending,271.21167
39.0,22.0,descending,272.97665
39.0,22.25,descending,271.59714
39.0,22.5,descending,266.94873
39.0,22.75,descending,256.53665
39.0,23.0,descending,245.2675
39.0,23.25,descending,235.29857
39.0,23.5,descending,226.075
39.0,23.75,descending,214.16428
39.0,24.0,descending,206.73999
39.0,24.25,descending,198.70427
39.0,24.5,descending,194.37999
39.0,24.75,descending,189.41875
39.0,25.0,descending,186.89624
39.0,25.25,descending,187.147
39.0,25.5,descending,188.8784
39.0,25.75,descending,193.64166
39.0,26.0,descending,201.42319
39.0,26.25,descending,210.00285
39.0,26.5,descending,214.76572
39.0,26.75,descending,229.06104
39.0,27.0,descending,249.89523
39.0,27.25,descending,266.46054
39.0,27.5,descending,273.21298
39.0,27.75,descending,275.62265
39.0,28.0,descending,276.35
39.0,28.25,descending,276.41705
39.0,28.5,descending,276.10715
39.0,28.75,descending,275.7238
39.0,29.0,descending,275.27
39.0,29.25,descending,274.83707
39.0,29.5,descending,273.91193
39.0,29.75,descending,272.7922
39.0,30.0,descending,271.99146
39.0,30.25,descending,272.42133
39.0,30.5,descending,273.23856
39.0,30.75,descending,272.96875
39.0,31.0,descending,272.10498
39.0,31.25,descending,270.50168
39.0,31.5,descending,269.815
39.0,31.75,descending,270.56665
39.0,32.0,descending,271.77374
39.0,32.25,descending,272.24832
39.0,32.5,descending,272.36124
39.0,32.75,descending,271.8557
39.0,33.0,descending,268.20428
39.0,33.25,descending,260.78857
39.0,33.5,descending,258.35715
39.0,33.75,descending,264.725
39.0,34.0,descending,270.1125
39.0,34.25,descending,271.00714
39.0,34.5,descending,270.64874
39.0,34.75,descending,270.60333
39.0,35.0,descending,270.44125
39.0,35.25,descending,269.53
39.0,35.5,descending,269.035
39.0,35.75,descending,268.84625
39.0,36.0,descending,267.61
39.0,36.25,descending,265.30142
39.0,36.5,descending,264.25998
39.0,36.75,descending,263.16
39.0,37.0,descending,262.44168
39.0,37.25,descending,262.0825
39.0,37.5,descending,261.895
39.0,37.75,descending,262.51715
39.0,38.0,descending,263.224
39.25,-13.0,descending,187.10857
39.25,-12.75,descending,187.04642
39.25,-12.5,descending,187.13416
39.25,-12.25,descending,187.30635
39.25,-12.0,descending,187.54454
39.25,-11.75,descending,187.712
39.25,-11.5,descending,187.76727
39.25,-11.25,descending,187.80222
39.25,-11.0,descending,187.84299
39.25,-10.75,descending,187.73375
39.25,-10.5,descending,187.4825
39.25,-10.25,descending,187.16374
39.25,-10.0,descending,187.1575
39.25,-9.75,descending,190.0925
39.25,-9.5,descending,205.59999
39.25,-9.25,descending,234.75125
39.25,-9.0,descending,260.0914
39.25,-8.75,descending,269.66376
39.25,-8.5,descending,274.56
39.25,-8.25,descending,278.01855
39.25,-8.0,descending,279.466
39.25,-7.75,descending,280.245
39.25,-7.5,descending,280.75168
39.25,-7.25,descending,281.11124
39.25,-7.0,descending,281.46832
39.25,-6.75,descending,281.6625
39.25,-6.5,descending,282.05667
39.25,-6.25,descending,281.83572
39.25,-6.0,descending,281.37
39.25,-5.75,descending,280.19333
39.25,-5.5,descending,279.73428
39.25,-5.25,descending,279.31665
39.25,-5.0,descending,279.91714
39.25,-4.75,descending,280.6683
39.25,-4.5,descending,280.40125
39.25,-4.25,descending,279.258
39.25,-4.0,descending,278.4233
39.25,-3.75,descending,277.6843
39.25,-3.5,descending,276.90143
39.25,-3.25,descending,276.5057
39.25,-3.0,descending,276.53665
39.25,-2.75,descending,277.06665
39.25,-2.5,descending,277.24286
39.25,-2.25,descending,277.09283
39.25,-2.0,descending,276.98123
39.25,-1.75,descending,276.9714
39.25,-1.5,descending,277.30142
39.25,-1.25,descending,278.0114
39.25,-1.0,descending,278.82748
39.25,-0.75,descending,277.0257
39.25,-0.5,descending,265.285
39.25,-0.25,descending,237.455
39.25,-0.0,descending,205.249
39.25,0.25,descending,199.15999
39.25,0.5,descending,195.70375
39.25,0.75,descending,195.67
39.25,1.0,descending,199.93625
39.25,1.25,descending,206.03142
39.25,1.5,descending,202.5775
39.25,1.75,descending,196.8625
39.25,2.0,descending,195.67
39.25,2.25,descending,197.07124
39.25,2.5,descending,201.30875
39.25,2.75,descending,208.59332
39.25,3.0,descending,212.42801
39.25,3.25,descending,206.95901
39.25,3.5,descending,201.0609
39.25,3.75,descending,198.76727
39.25,4.0,descending,198.63916
39.25,4.25,descending,198.6225
39.25,4.5,descending,198.415
39.25,4.75,descending,198.1757
39.25,5.0,descending,197.86888
39.25,5.25,descending,197.70842
39.25,5.5,descending,197.66652
39.25,11.25,descending,195.445
39.25,11.5,descending,195.4195
39.25,11.75,descending,195.32132
39.25,12.0,descending,195.282
39.25,12.25,descending,195.28667
39.25,12.5,descending,195.2969
39.25,12.75,descending,195.11273
39.25,13.0,descending,194.715
39.25,13.25,descending,194.18875
39.25,13.5,descending,193.472
39.25,13.75,descending,192.72624
39.25,14.0,descending,192.137
39.25,14.25,descending,191.91624
39.25,14.5,descending,192.22
39.25,14.75,descending,192.70285
39.25,15.0,descending,193.30624
39.25,15.25,descending,194.21143
39.25,15.5,descending,196.26714
39.25,15.75,descending,203.55222
39.25,16.0,descending,222.73856
39.25,16.25,descending,246.295
39.25,16.5,descending,262.82874
39.25,16.75,descending,262.77573
39.25,17.0,descending,246.95285
39.25,17.25,descending,217.02141
39.25,17.5,descending,201.08667
39.25,17.75,descending,196.14749
39.25,18.0,descending,195.48665
39.25,18.25,descending,195.2975
39.25,18.5,descending,195.13
39.25,18.75,descending,195.15332
39.25,19.0,descending,195.19714
39.25,19.25,descending,195.56831
39.25,19.5,descending,196.73286
39.25,19.75,descending,198.81
39.25,20.0,descending,203.40666
39.25,20.25,descending,212.73665
39.25,20.5,descending,229.18857
39.25,20.75,descending,247.35167
39.25,21.0,descending,259.28
39.25,21.25,descending,266.992
39.25,21.5,descending,272.005
39.25,21.75,descending,273.52142
39.25,22.0,descending,274.13498
39.25,22.25,descending,274.06598
39.25,22.5,descending,269.89334
39.25,22.75,descending,256.22
39.25,23.0,descending,236.31625
39.25,23.25,descending,222.52998
39.25,23.5,descending,210.76
39.25,23.75,descending,202.30333
39.25,24.0,descending,197.5743
39.25,24.25,descending,194.22
39.25,24.5,descending,192.19571
39.25,24.75,descending,189.43834
39.25,25.0,descending,187.39624
39.25,25.25,descending,187.675
39.25,25.5,descending,189.94035
39.25,25.75,descending,197.58476
39.25,26.0,descending,211.36856
39.25,26.25,descending,222.0
39.25,26.5,descending,225.59052
39.25,26.75,descending,237.37665
39.25,27.0,descending,256.3365
39.25,27.25,descending,267.4953
39.25,27.5,descending,273.92105
39.25,27.75,descending,275.93
39.25,28.0,descending,276.44052
39.25,28.25,descending,276.36398
39.25,28.5,descending,275.99
39.25,28.75,descending,275.3621
39.25,29.0,descending,274.9295
39.25,29.25,descending,274.10333
39.25,29.5,descending,272.99207
39.25,29.75,descending,272.0384
39.25,30.0,descending,271.745
39.25,30.25,descending,271.80478
39.25,30.5,descending,273.23624
39.25,30.75,descending,273.4643
39.25,31.0,descending,273.56143
39.25,31.25,descending,273.03
39.25,31.5,descending,272.52832
39.25,31.75,descending,272.335
39.25,32.0,descending,273.14664
39.25,32.25,descending,273.18427
39.25,32.5,descending,273.10428
39.25,32.75,descending,272.654
39.25,33.0,descending,271.29376
39.25,33.25,descending,266.13165
39.25,33.5,descending,261.96286
39.25,33.75,descending,265.91666
39.25,34.0,descending,270.15
39.25,34.25,descending,270.502
39.25,34.5,descending,270.07428
39.25,34.75,descending,270.278
39.25,35.0,descending,270.31
39.25,35.25,descending,269.8943
39.25,35.5,descending,269.37
39.25,35.75,descending,269.44165
39.25,36.0,descending,269.21
39.25,36.25,descending,267.8825
39.25,36.5,descending,266.83286
39.25,36.75,descending,265.3257
39.25,37.0,descending,264.54498
39.25,37.25,descending,263.53854
39.25,37.5,descending,263.34283
39.25,37.75,descending,263.61856
39.25,38.0,descending,264.168
39.5,-13.0,descending,187.30286
39.5,-12.75,descending,187.35799
39.5,-12.5,descending,187.53847
39.5,-12.25,descending,187.70692
39.5,-12.0,descending,187.89917
39.5,-11.75,descending,187.972
39.5,-11.5,descending,187.95999
39.5,-11.25,descending,187.91899
39.5,-11.0,descending,187.93889
39.5,-10.75,descending,187.91199
39.5,-10.5,descending,187.675
39.5,-10.25,descending,187.29999
39.5,-10.0,descending,187.10333
39.5,-9.75,descending,188.15375
39.5,-9.5,descending,196.04333
39.5,-9.25,descending,224.055
39.5,-9.0,descending,254.34375
39.5,-8.75,descending,271.54498
39.5,-8.5,descending,275.13858
39.5,-8.25,descending,276.60376
39.5,-8.0,descending,278.38126
39.5,-7.75,descending,279.33713
39.5,-7.5,descending,280.53
39.5,-7.25,descending,281.51498
39.5,-7.0,descending,282.54
39.5,-6.75,descending,283.20285
39.5,-6.5,descending,283.5843
39.5,-6.25,descending,284.21857
39.5,-6.0,descending,283.63858
39.5,-5.75,descending,282.09625
39.5,-5.5,descending,280.4114
39.5,-5.25,descending,279.7357
39.5,-5.0,descending,279.41165
39.5,-4.75,descending,279.82428
39.5,-4.5,descending,279.79666
39.5,-4.25,descending,279.05286
39.5,-4.0,descending,278.24286
39.5,-3.75,descending,277.65286
39.5,-3.5,descending,277.33835
39.5,-3.25,descending,277.06
39.5,-3.0,descending,276.88498
39.5,-2.75,descending,277.13666
39.5,-2.5,descending,277.17798
39.5,-2.25,descending,276.9
39.5,-2.0,descending,277.0257
39.5,-1.75,descending,277.2557
39.5,-1.5,descending,277.6014
39.5,-1.25,descending,278.34375
39.5,-1.0,descending,278.90714
39.5,-0.75,descending,276.63998
39.5,-0.5,descending,260.1125
39.5,-0.25,descending,227.04
39.5,-0.0,descending,201.95749
39.5,0.25,descending,197.285
39.5,0.5,descending,195.58249
39.5,0.75,descending,195.39572
39.5,1.0,descending,197.4475
39.5,1.25,descending,199.78624
39.5,1.5,descending,197.6989
39.5,1.75,descending,195.78749
39.5,2.0,descending,196.36554
39.5,2.25,descending,201.90666
39.5,2.5,descending,214.93332
39.5,2.75,descending,231.90999
39.5,3.0,descending,234.72
39.5,3.25,descending,220.004
39.5,3.5,descending,203.70999
39.5,3.75,descending,198.47665
39.5,4.0,descending,198.185
39.5,4.25,descending,198.61499
39.5,4.5,descending,198.14357
39.5,4.75,descending,197.61385
39.5,5.0,descending,197.44
39.5,5.25,descending,197.43579
39.5,5.5,descending,197.38559
39.5,5.75,descending,197.28
39.5,11.5,descending,195.49554
39.5,11.75,descending,195.47249
39.5,12.0,descending,195.51067
39.5,12.25,descending,195.51428
39.5,12.5,descending,195.44582
39.5,12.75,descending,195.15636
39.5,13.0,descending,194.65332
39.5,13.25,descending,193.99364
39.5,13.5,descending,193.22272
39.5,13.75,descending,192.50665
39.5,14.0,descending,192.107
39.5,14.25,descending,192.16222
39.5,14.5,descending,192.71666
39.5,14.75,descending,193.5722
39.5,15.0,descending,194.53221
39.5,15.25,descending,196.02875
39.5,15.5,descending,200.14499
39.5,15.75,descending,210.51666
39.5,16.0,descending,228.72998
39.5,16.25,descending,249.3389
39.5,16.5,descending,259.91333
39.5,16.75,descending,256.00998
39.5,17.0,descending,242.15141
39.5,17.25,descending,220.4
39.5,17.5,descending,203.33142
39.5,17.75,descending,197.28857
39.5,18.0,descending,196.12999
39.5,18.25,descending,195.85286
39.5,18.5,descending,194.99284
39.5,18.75,descending,194.84625
39.5,19.0,descending,194.99666
39.5,19.25,descending,195.76143
39.5,19.5,descending,199.61249
39.5,19.75,descending,205.49571
39.5,20.0,descending,216.45427
39.5,20.25,descending,230.87715
39.5,20.5,descending,250.09999
39.5,20.75,descending,260.28165
39.5,21.0,descending,268.08002
39.5,21.25,descending,271.11285
39.5,21.5,descending,273.44498
39.5,21.75,descending,273.79285
39.5,22.0,descending,274.17123
39.5,22.25,descending,274.37997
39.5,22.5,descending,271.53833
39.5,22.75,descending,257.172
39.5,23.0,descending,232.62
39.5,23.25,descending,213.28
39.5,23.5,descending,201.028
39.5,23.75,descending,197.122
39.5,24.0,descending,194.605
39.5,24.25,descending,191.99284
39.5,24.5,descending,190.33427
39.5,24.75,descending,189.31857
39.5,25.0,descending,189.18
39.5,25.25,descending,188.8107
39.5,25.5,descending,189.92
39.5,25.75,descending,196.06609
39.5,26.0,descending,211.18681
39.5,26.25,descending,224.79399
39.5,26.5,descending,233.23817
39.5,26.75,descending,245.81851
39.5,27.0,descending,260.611
39.5,27.25,descending,270.33722
39.5,27.5,descending,274.15735
39.5,27.75,descending,275.77682
39.5,28.0,descending,276.02948
39.5,28.25,descending,276.13474
39.5,28.5,descending,275.91043
39.5,28.75,descending,275.4284
39.5,29.0,descending,275.02426
39.5,29.25,descending,274.05136
39.5,29.5,descending,272.81952
39.5,29.75,descending,272.0729
39.5,30.0,descending,271.63928
39.5,30.25,descending,271.65997
39.5,30.5,descending,272.36832
39.5,30.75,descending,273.56714
39.5,31.0,descending,273.8757
39.5,31.25,descending,273.96573
39.5,31.5,descending,273.6957
39.5,31.75,descending,273.78998
39.5,32.0,descending,274.11285
39.5,32.25,descending,274.16855
39.5,32.5,descending,273.42667
39.5,32.75,descending,272.80856
39.5,33.0,descending,272.4
39.5,33.25,descending,270.69998
39.5,33.5,descending,268.10498
39.5,33.75,descending,268.73
39.5,34.0,descending,270.16333
39.5,34.25,descending,270.58624
39.5,34.5,descending,270.1083
39.5,34.75,descending,270.3125
39.5,35.0,descending,270.39832
39.5,35.25,descending,270.43143
39.5,35.5,descending,270.23712
39.5,35.75,descending,270.16833
39.5,36.0,descending,270.17
39.5,36.25,descending,270.00998
39.5,36.5,descending,269.47
39.5,36.75,descending,268.28125
39.5,37.0,descending,267.60428
39.5,37.25,descending,266.37
39.5,37.5,descending,265.735
39.5,37.75,descending,265.30856
39.5,38.0,descending,265.885
39.75,-13.0,descending,187.51874
39.75,-12.75,descending,187.56714
39.75,-12.5,descending,187.79231
39.75,-12.25,descending,187.92499
39.75,-12.0,descending,188.00584
39.75,-11.75,descending,188.04637
39.75,-11.5,descending,188.051
39.75,-11.25,descending,187.985
39.75,-11.0,descending,187.90666
39.75,-10.75,descending,187.82625
39.75,-10.5,descending,187.62666
39.75,-10.25,descending,187.29124
39.75,-10.0,descending,187.03125
39.75,-9.75,descending,187.22374
39.75,-9.5,descending,190.56429
39.75,-9.25,descending,205.74857
39.75,-9.0,descending,236.93428
39.75,-8.75,descending,264.0175
39.75,-8.5,descending,274.50125
39.75,-8.25,descending,275.746
39.75,-8.0,descending,276.88284
39.75,-7.75,descending,278.5757
39.75,-7.5,descending,279.975
39.75,-7.25,descending,281.54285
39.75,-7.0,descending,282.61002
39.75,-6.75,descending,283.31143
39.75,-6.5,descending,283.75714
39.75,-6.25,descending,284.30167
39.75,-6.0,descending,284.34375
39.75,-5.75,descending,282.898
39.75,-5.5,descending,281.37427
39.75,-5.25,descending,280.63165
39.75,-5.0,descending,279.98856
39.75,-4.75,descending,279.915
39.75,-4.5,descending,280.21857
39.75,-4.25,descending,279.80667
39.75,-4.0,descending,279.16
39.75,-3.75,descending,278.56
39.75,-3.5,descending,278.23
39.75,-3.25,descending,278.09335
39.75,-3.0,descending,278.06165
39.75,-2.75,descending,277.96143
39.75,-2.5,descending,277.69125
39.75,-2.25,descending,277.2825
39.75,-2.0,descending,277.40802
39.75,-1.75,descending,277.56714
39.75,-1.5,descending,277.45874
39.75,-1.25,descending,277.81
39.75,-1.0,descending,278.32712
39.75,-0.75,descending,277.068
39.75,-0.5,descending,262.02142
39.75,-0.25,descending,233.1657
39.75,-0.0,descending,206.85124
39.75,0.25,descending,199.46832
39.75,0.5,descending,196.02625
39.75,0.75,descending,195.39572
39.75,1.0,descending,195.7125
39.75,1.25,descending,196.01714
39.75,1.5,descending,195.5325
39.75,1.75,descending,195.35286
39.75,2.0,descending,197.46875
39.75,2.25,descending,207.12125
39.75,2.5,descending,225.88249
39.75,2.75,descending,243.595
39.75,3.0,descending,241.404
39.75,3.25,descending,219.36334
39.75,3.5,descending,203.59273
39.75,3.75,descending,200.43272
39.75,4.0,descending,203.27501
39.75,4.25,descending,202.555
39.75,4.5,descending,199.01071
39.75,4.75,descending,197.31084
39.75,5.0,descending,197.20427
39.75,5.25,descending,197.26881
39.75,5.5,descending,197.2105
39.75,5.75,descending,197.04099
39.75,11.5,descending,195.93533
39.75,11.75,descending,195.93764
39.75,12.0,descending,195.89214
39.75,12.25,descending,195.73572
39.75,12.5,descending,195.45728
39.75,12.75,descending,195.06363
39.75,13.0,descending,194.511
39.75,13.25,descending,193.86398
39.75,13.5,descending,193.22299
39.75,13.75,descending,192.72777
39.75,14.0,descending,192.59874
39.75,14.25,descending,192.79555
39.75,14.5,descending,193.605
39.75,14.75,descending,194.92625
39.75,15.0,descending,196.83374
39.75,15.25,descending,199.58374
39.75,15.5,descending,205.5125
39.75,15.75,descending,220.21375
39.75,16.0,descending,241.54285
39.75,16.25,descending,254.48833
39.75,16.5,descending,251.00775
39.75,16.75,descending,238.73665
39.75,17.0,descending,225.34444
39.75,17.25,descending,212.4557
39.75,17.5,descending,201.73856
39.75,17.75,descending,199.17833
39.75,18.0,descending,202.67624
39.75,18.25,descending,200.81667
39.75,18.5,descending,197.35571
39.75,18.75,descending,195.09166
39.75,19.0,descending,194.90332
39.75,19.25,descending,196.34999
39.75,19.5,descending,202.61665
39.75,19.75,descending,214.08398
39.75,20.0,descending,230.67142
39.75,20.25,descending,250.09285
39.75,20.5,descending,264.60333
39.75,20.75,descending,270.3933
39.75,21.0,descending,271.548
39.75,21.25,descending,273.28
39.75,21.5,descending,274.30286
39.75,21.75,descending,274.2225
39.75,22.0,descending,274.39142
39.75,22.25,descending,273.73856
39.75,22.5,descending,267.29248
39.75,22.75,descending,246.75572
39.75,23.0,descending,223.10143
39.75,23.25,descending,206.08427
39.75,23.5,descending,199.09714
39.75,23.75,descending,196.3375
39.75,24.0,descending,194.48143
39.75,24.25,descending,191.81142
39.75,24.5,descending,190.20999
39.75,24.75,descending,190.56667
39.75,25.0,descending,193.55571
39.75,25.25,descending,193.01454
39.75,25.5,descending,192.85037
39.75,25.75,descending,196.5541
39.75,26.0,descending,211.82303
39.75,26.25,descending,231.86632
39.75,26.5,descending,248.245
39.75,26.75,descending,258.50528
39.75,27.0,descending,266.0663
39.75,27.25,descending,271.0012
39.75,27.5,descending,273.9337
39.75,27.75,descending,275.20688
39.75,28.0,descending,275.29526
39.75,28.25,descending,275.4222
39.75,28.5,descending,275.2859
39.75,28.75,descending,275.25946
39.75,29.0,descending,274.70316
39.75,29.25,descending,273.79947
39.75,29.5,descending,272.9218
39.75,29.75,descending,272.08862
39.75,30.0,descending,271.53043
39.75,30.25,descending,271.73428
39.75,30.5,descending,272.3831
39.75,30.75,descending,273.67
39.75,31.0,descending,273.9911
39.75,31.25,descending,274.1057
39.75,31.5,descending,274.13715
39.75,31.75,descending,274.36667
39.75,32.0,descending,274.58374
39.75,32.25,descending,274.06
39.75,32.5,descending,273.08572
39.75,32.75,descending,272.06143
39.75,33.0,descending,272.10712
39.75,33.25,descending,272.08374
39.75,33.5,descending,271.63
39.75,33.75,descending,271.25665
39.75,34.0,descending,271.6875
39.75,34.25,descending,271.284
39.75,34.5,descending,270.77713
39.75,34.75,descending,270.70667
39.75,35.0,descending,270.55426
39.75,35.25,descending,270.722
39.75,35.5,descending,270.98428
39.75,35.75,descending,270.87
39.75,36.0,descending,270.91855
39.75,36.25,descending,270.75
39.75,36.5,descending,270.41855
39.75,36.75,descending,269.9757
39.75,37.0,descending,269.7457
39.75,37.25,descending,269.25998
39.75,37.5,descending,268.69873
39.75,37.75,descending,267.7271
39.75,38.0,descending,267.7625
40.0,-13.0,descending,188.0725
40.0,-12.75,descending,188.00932
40.0,-12.5,descending,188.03
40.0,-12.25,descending,188.04614
40.0,-12.0,descending,187.98999
40.0,-11.75,descending,187.94545
40.0,-11.5,descending,187.96817
40.0,-11.25,descending,187.9911
40.0,-11.0,descending,187.90909
40.0,-10.75,descending,187.77667
40.0,-10.5,descending,187.6025
40.0,-10.25,descending,187.36665
40.0,-10.0,descending,187.087
40.0,-9.75,descending,187.00874
40.0,-9.5,descending,188.04
40.0,-9.25,descending,195.72223
40.0,-9.0,descending,222.75446
40.0,-8.75,descending,254.43333
40.0,-8.5,descending,270.9475
40.0,-8.25,descending,275.49625
40.0,-8.0,descending,276.16873
40.0,-7.75,descending,277.60873
40.0,-7.5,descending,279.33713
40.0,-7.25,descending,280.58124
40.0,-7.0,descending,281.735
40.0,-6.75,descending,282.04855
40.0,-6.5,descending,282.50427
40.0,-6.25,descending,282.90332
40.0,-6.0,descending,283.13498
40.0,-5.75,descending,282.40286
40.0,-5.5,descending,280.9725
40.0,-5.25,descending,280.725
40.0,-5.0,descending,280.81
40.0,-4.75,descending,280.75858
40.0,-4.5,descending,281.12
40.0,-4.25,descending,281.12332
40.0,-4.0,descending,280.43857
40.0,-3.75,descending,279.45166
40.0,-3.5,descending,279.22998
40.0,-3.25,descending,279.11713
40.0,-3.0,descending,279.02164
40.0,-2.75,descending,279.03714
40.0,-2.5,descending,278.70142
40.0,-2.25,descending,278.13715
40.0,-2.0,descending,278.01874
40.0,-1.75,descending,277.61
40.0,-1.5,descending,277.188
40.0,-1.25,descending,277.23398
40.0,-1.0,descending,277.64252
40.0,-0.75,descending,277.53497
40.0,-0.5,descending,269.87286
40.0,-0.25,descending,250.30714
40.0,-0.0,descending,217.22
40.0,0.25,descending,206.92142
40.0,0.5,descending,198.35999
40.0,0.75,descending,196.06142
40.0,1.0,descending,195.32875
40.0,1.25,descending,195.17285
40.0,1.5,descending,194.92749
40.0,1.75,descending,195.03857
40.0,2.0,descending,196.89444
40.0,2.25,descending,204.055
40.0,2.5,descending,218.13799
40.0,2.75,descending,228.97874
40.0,3.0,descending,222.68799
40.0,3.25,descending,209.21666
40.0,3.5,descending,201.564
40.0,3.75,descending,205.997
40.0,4.0,descending,210.21
40.0,4.25,descending,204.05165
40.0,4.5,descending,198.2046
40.0,4.75,descending,197.00308
40.0,5.0,descending,197.07666
40.0,5.25,descending,197.1675
40.0,5.5,descending,197.09099
40.0,5.75,descending,196.93623
40.0,6.0,descending,196.87143
40.0,11.5,descending,196.12538
40.0,11.75,descending,196.17313
40.0,12.0,descending,196.11188
40.0,12.25,descending,195.84692
40.0,12.5,descending,195.36693
40.0,12.75,descending,194.8125
40.0,13.0,descending,194.135
40.0,13.25,descending,193.44556
40.0,13.5,descending,192.97636
40.0,13.75,descending,192.79
40.0,14.0,descending,193.00198
40.0,14.25,descending,193.74445
40.0,14.5,descending,195.543
40.0,14.75,descending,199.58444
40.0,15.0,descending,204.05856
40.0,15.25,descending,211.59375
40.0,15.5,descending,219.82124
40.0,15.75,descending,233.62715
40.0,16.0,descending,251.28499
40.0,16.25,descending,261.90442
40.0,16.5,descending,253.47499
40.0,16.75,descending,228.47144
40.0,17.0,descending,210.53667
40.0,17.25,descending,203.49715
40.0,17.5,descending,201.06
40.0,17.75,descending,204.65375
40.0,18.0,descending,215.625
40.0,18.25,descending,217.91284
40.0,18.5,descending,209.70999
40.0,18.75,descending,197.14998
40.0,19.0,descending,195.41
40.0,19.25,descending,199.39166
40.0,19.5,descending,207.2957
40.0,19.75,descending,225.67429
40.0,20.0,descending,246.72856
40.0,20.25,descending,261.128
40.0,20.5,descending,270.69873
40.0,20.75,descending,273.07333
40.0,21.0,descending,273.235
40.0,21.25,descending,273.84833
40.0,21.5,descending,274.51624
40.0,21.75,descending,274.37
40.0,22.0,descending,274.32498
40.0,22.25,descending,271.505
40.0,22.5,descending,258.69748
40.0,22.75,descending,233.10999
40.0,23.0,descending,214.29857
40.0,23.25,descending,206.68143
40.0,23.5,descending,205.98625
40.0,23.75,descending,204.02713
40.0,24.0,descending,200.00856
40.0,24.25,descending,194.65572
40.0,24.5,descending,191.685
40.0,24.75,descending,192.14
40.0,25.0,descending,197.35857
40.0,25.25,descending,197.53857
40.0,25.5,descending,198.07654
40.0,25.75,descending,200.46083
40.0,26.0,descending,211.96565
40.0,26.25,descending,234.28381
40.0,26.5,descending,254.94475
40.0,26.75,descending,266.57278
40.0,27.0,descending,271.7257
40.0,27.25,descending,272.11053
40.0,27.5,descending,271.89264
40.0,27.75,descending,271.4645
40.0,28.0,descending,271.61948
40.0,28.25,descending,272.03833
40.0,28.5,descending,271.94263
40.0,28.75,descending,272.6778
40.0,29.0,descending,272.92474
40.0,29.25,descending,272.512
40.0,29.5,descending,272.09747
40.0,29.75,descending,271.80453
40.0,30.0,descending,272.18076
40.0,30.25,descending,272.5954
40.0,30.5,descending,273.04877
40.0,30.75,descending,273.728
40.0,31.0,descending,274.16666
40.0,31.25,descending,273.94714
40.0,31.5,descending,273.59833
40.0,31.75,descending,273.90625
40.0,32.0,descending,274.34167
40.0,32.25,descending,273.8043
40.0,32.5,descending,272.28876
40.0,32.75,descending,271.34167
40.0,33.0,descending,271.51123
40.0,33.25,descending,272.12
40.0,33.5,descending,272.41284
40.0,33.75,descending,272.5975
40.0,34.0,descending,272.548
40.0,34.25,descending,271.91855
40.0,34.5,descending,271.16144
40.0,34.75,descending,270.79166
40.0,35.0,descending,270.69376
40.0,35.25,descending,270.97858
40.0,35.5,descending,271.266
40.0,35.75,descending,271.4643
40.0,36.0,descending,271.55624
40.0,36.25,descending,271.2686
40.0,36.5,descending,270.924
40.0,36.75,descending,270.50998
40.0,37.0,descending,270.49625
40.0,37.25,descending,270.9057
40.0,37.5,descending,270.88715
40.0,37.75,descending,270.13715
40.0,38.0,descending,269.6925
40.25,-13.0,descending,188.25713
40.25,-12.75,descending,188.34332
40.25,-12.5,descending,188.34
40.25,-12.25,descending,188.2346
40.25,-12.0,descending,188.04999
40.25,-11.75,descending,187.90546
40.25,-11.5,descending,187.883
40.25,-11.25,descending,187.94199
40.25,-11.0,descending,187.935
40.25,-10.75,descending,187.83875
40.25,-10.5,descending,187.673
40.25,-10.25,descending,187.44624
40.25,-10.0,descending,187.235
40.25,-9.75,descending,187.17749
40.25,-9.5,descending,187.70874
40.25,-9.25,descending,191.74571
40.25,-9.0,descending,208.14856
40.25,-8.75,descending,242.33
40.25,-8.5,descending,266.605
40.25,-8.25,descending,274.19
40.25,-8.0,descending,275.67715
40.25,-7.75,descending,276.55
40.25,-7.5,descending,278.05875
40.25,-7.25,descending,279.422
40.25,-7.0,descending,280.2825
40.25,-6.75,descending,280.69
40.25,-6.5,descending,280.90714
40.25,-6.25,descending,281.095
40.25,-6.0,descending,281.31427
40.25,-5.75,descending,280.27286
40.25,-5.5,descending,279.496
40.25,-5.25,descending,279.73
40.25,-5.0,descending,280.43124
40.25,-4.75,descending,281.152
40.25,-4.5,descending,281.72858
40.25,-4.25,descending,282.165
40.25,-4.0,descending,281.526
40.25,-3.75,descending,279.95874
40.25,-3.5,descending,279.398
40.25,-3.25,descending,279.5483
40.25,-3.0,descending,279.53998
40.25,-2.75,descending,279.38
40.25,-2.5,descending,279.435
40.25,-2.25,descending,279.15375
40.25,-2.0,descending,278.4643
40.25,-1.75,descending,277.48428
40.25,-1.5,descending,276.77713
40.25,-1.25,descending,276.64285
40.25,-1.0,descending,277.03625
40.25,-0.75,descending,277.7557
40.25,-0.5,descending,275.94144
40.25,-0.25,descending,266.58142
40.25,-0.0,descending,249.61572
40.25,0.25,descending,220.63284
40.25,0.5,descending,204.11427
40.25,0.75,descending,198.43999
40.25,1.0,descending,195.68
40.25,1.25,descending,195.10857
40.25,1.5,descending,194.76714
40.25,1.75,descending,194.55124
40.25,2.0,descending,195.00125
40.25,2.25,descending,197.9257
40.25,2.5,descending,203.18777
40.25,2.75,descending,207.40125
40.25,3.0,descending,203.56
40.25,3.25,descending,198.5411
40.25,3.5,descending,199.377
40.25,3.75,descending,205.53444
40.25,4.0,descending,204.40909
40.25,4.25,descending,199.36
40.25,4.5,descending,196.79091
40.25,4.75,descending,196.67665
40.25,5.0,descending,196.8125
40.25,5.25,descending,196.84427
40.25,5.5,descending,196.8211
40.25,5.75,descending,196.78099
40.25,6.0,descending,196.83473
40.25,11.5,descending,196.12
40.25,11.75,descending,196.125
40.25,12.0,descending,196.02866
40.25,12.25,descending,195.64615
40.25,12.5,descending,195.06923
40.25,12.75,descending,194.29819
40.25,13.0,descending,193.57455
40.25,13.25,descending,192.925
40.25,13.5,descending,192.638
40.25,13.75,descending,192.86777
40.25,14.0,descending,193.597
40.25,14.25,descending,194.98
40.25,14.5,descending,197.73125
40.25,14.75,descending,205.48125
40.25,15.0,descending,219.17
40.25,15.25,descending,233.18124
40.25,15.5,descending,243.59714
40.25,15.75,descending,251.48143
40.25,16.0,descending,263.3343
40.25,16.25,descending,270.21286
40.25,16.5,descending,263.30142
40.25,16.75,descending,240.24875
40.25,17.0,descending,214.09875
40.25,17.25,descending,210.14
40.25,17.5,descending,211.11624
40.25,17.75,descending,218.555
40.25,18.0,descending,229.35715
40.25,18.25,descending,233.97714
40.25,18.5,descending,217.145
40.25,18.75,descending,201.36714
40.25,19.0,descending,196.96855
40.25,19.25,descending,203.82832
40.25,19.5,descending,221.05624
40.25,19.75,descending,239.93198
40.25,20.0,descending,254.25334
40.25,20.25,descending,268.25623
40.25,20.5,descending,272.792
40.25,20.75,descending,273.43857
40.25,21.0,descending,273.31168
40.25,21.25,descending,273.79333
40.25,21.5,descending,274.256
40.25,21.75,descending,273.88998
40.25,22.0,descending,273.6225
40.25,22.25,descending,269.714
40.25,22.5,descending,248.17665
40.25,22.75,descending,225.88666
40.25,23.0,descending,217.9625
40.25,23.25,descending,223.98856
40.25,23.5,descending,223.25143
40.25,23.75,descending,218.28285
40.25,24.0,descending,208.65285
40.25,24.25,descending,199.72427
40.25,24.5,descending,194.5743
40.25,24.75,descending,192.87143
40.25,25.0,descending,195.88713
40.25,25.25,descending,196.38428
40.25,25.5,descending,197.18782
40.25,25.75,descending,200.81783
40.25,26.0,descending,210.32817
40.25,26.25,descending,227.275
40.25,26.5,descending,246.05301
40.25,26.75,descending,259.22684
40.25,27.0,descending,264.18262
40.25,27.25,descending,262.4942
40.25,27.5,descending,260.49445
40.25,27.75,descending,257.88
40.25,28.0,descending,258.66528
40.25,28.25,descending,259.35944
40.25,28.5,descending,259.90945
40.25,28.75,descending,261.41895
40.25,29.0,descending,266.03113
40.25,29.25,descending,267.62848
40.25,29.5,descending,268.80298
40.25,29.75,descending,270.48636
40.25,30.0,descending,272.6038
40.25,30.25,descending,273.37347
40.25,30.5,descending,273.58096
40.25,30.75,descending,273.7979
40.25,31.0,descending,274.40286
40.25,31.25,descending,274.17123
40.25,31.5,descending,273.38498
40.25,31.75,descending,273.07666
40.25,32.0,descending,273.70856
40.25,32.25,descending,273.2457
40.25,32.5,descending,271.9283
40.25,32.75,descending,271.20166
40.25,33.0,descending,271.26834
40.25,33.25,descending,271.92
40.25,33.5,descending,272.45874
40.25,33.75,descending,272.466
40.25,34.0,descending,272.52713
40.25,34.25,descending,272.10333
40.25,34.5,descending,271.49832
40.25,34.75,descending,270.92572
40.25,35.0,descending,270.95667
40.25,35.25,descending,271.47665
40.25,35.5,descending,271.66998
40.25,35.75,descending,271.972
40.25,36.0,descending,272.3
40.25,36.25,descending,272.1557
40.25,36.5,descending,271.705
40.25,36.75,descending,270.996
40.25,37.0,descending,270.808
40.25,37.25,descending,271.44
40.25,37.5,descending,271.71997
40.25,37.75,descending,271.414
40.25,38.0,descending,270.5275
40.5,-13.0,descending,188.23428
40.5,-12.75,descending,188.36812
40.5,-12.5,descending,188.45714
40.5,-12.25,descending,188.41
40.5,-12.0,descending,188.19461
40.5,-11.75,descending,187.92818
40.5,-11.5,descending,187.803
40.5,-11.25,descending,187.86699
40.5,-11.0,descending,187.953
40.5,-10.75,descending,187.85333
40.5,-10.5,descending,187.66699
40.5,-10.25,descending,187.45999
40.5,-10.0,descending,187.33624
40.5,-9.75,descending,187.3775
40.5,-9.5,descending,187.76375
40.5,-9.25,descending,190.4925
40.5,-9.0,descending,205.63625
40.5,-8.75,descending,229.71667
40.5,-8.5,descending,259.93
40.5,-8.25,descending,272.7314
40.5,-8.0,descending,274.75375
40.5,-7.75,descending,275.75873
40.5,-7.5,descending,276.81714
40.5,-7.25,descending,278.0325
40.5,-7.0,descending,278.84857
40.5,-6.75,descending,279.50714
40.5,-6.5,descending,279.55713
40.5,-6.25,descending,279.60284
40.5,-6.0,descending,279.38
40.5,-5.75,descending,278.83398
40.5,-5.5,descending,278.2143
40.5,-5.25,descending,278.2357
40.5,-5.0,descending,279.1783
40.5,-4.75,descending,280.03333
40.5,-4.5,descending,280.815
40.5,-4.25,descending,281.74167
40.5,-4.0,descending,281.57373
40.5,-3.75,descending,280.15167
40.5,-3.5,descending,279.3
40.5,-3.25,descending,279.34998
40.5,-3.0,descending,279.18875
40.5,-2.75,descending,279.02664
40.5,-2.5,descending,279.40833
40.5,-2.25,descending,279.46832
40.5,-2.0,descending,278.57712
40.5,-1.75,descending,277.18857
40.5,-1.5,descending,276.1725
40.5,-1.25,descending,276.02286
40.5,-1.0,descending,276.31427
40.5,-0.75,descending,277.16
40.5,-0.5,descending,277.64572
40.5,-0.25,descending,275.19284
40.5,-0.0,descending,248.876
40.5,0.25,descending,240.62712
40.5,0.5,descending,218.31714
40.5,0.75,descending,205.49142
40.5,1.0,descending,197.08124
40.5,1.25,descending,195.515
40.5,1.5,descending,194.81142
40.5,1.75,descending,194.30888
40.5,2.0,descending,193.79625
40.5,2.25,descending,194.25555
40.5,2.5,descending,195.415
40.5,2.75,descending,196.88249
40.5,3.0,descending,195.61223
40.5,3.25,descending,194.98334
40.5,3.5,descending,196.5211
40.5,3.75,descending,198.44
40.5,4.0,descending,197.07999
40.5,4.25,descending,195.81999
40.5,4.5,descending,195.9375
40.5,4.75,descending,196.30415
40.5,5.0,descending,196.4677
40.5,5.25,descending,196.5025
40.5,5.5,descending,196.53235
40.5,5.75,descending,196.60999
40.5,6.0,descending,196.75613
40.5,6.25,descending,196.81749
40.5,11.5,descending,196.07832
40.5,11.75,descending,196.04059
40.5,12.0,descending,195.8953
40.5,12.25,descending,195.4077
40.5,12.5,descending,194.6577
40.5,12.75,descending,193.83916
40.5,13.0,descending,193.10272
40.5,13.25,descending,192.662
40.5,13.5,descending,192.896
40.5,13.75,descending,194.287
40.5,14.0,descending,196.72777
40.5,14.25,descending,199.91556
40.5,14.5,descending,205.0775
40.5,14.75,descending,214.28624
40.5,15.0,descending,231.9025
40.5,15.25,descending,251.45375
40.5,15.5,descending,263.93887
40.5,15.75,descending,268.72556
40.5,16.0,descending,272.51572
40.5,16.25,descending,275.8225
40.5,16.5,descending,275.125
40.5,16.75,descending,259.715
40.5,17.0,descending,240.65572
40.5,17.25,descending,228.86833
40.5,17.5,descending,234.17334
40.5,17.75,descending,234.50572
40.5,18.0,descending,235.40375
40.5,18.25,descending,232.554
40.5,18.5,descending,219.2125
40.5,18.75,descending,202.28667
40.5,19.0,descending,197.92
40.5,19.25,descending,213.03572
40.5,19.5,descending,238.20401
40.5,19.75,descending,252.97427
40.5,20.0,descending,267.13623
40.5,20.25,descending,271.742
40.5,20.5,descending,272.42142
40.5,20.75,descending,271.41855
40.5,21.0,descending,271.7557
40.5,21.25,descending,272.79572
40.5,21.5,descending,273.57
40.5,21.75,descending,273.392
40.5,22.0,descending,273.29715
40.5,22.25,descending,270.35715
40.5,22.5,descending,254.83286
40.5,22.75,descending,233.4
40.5,23.0,descending,238.95285
40.5,23.25,descending,248.67
40.5,23.5,descending,245.68286
40.5,23.75,descending,233.01714
40.5,24.0,descending,215.33
40.5,24.25,descending,204.29857
40.5,24.5,descending,199.05833
40.5,24.75,descending,195.62428
40.5,25.0,descending,194.32143
40.5,25.25,descending,195.1157
40.5,25.5,descending,197.653
40.5,25.75,descending,199.795
40.5,26.0,descending,206.54878
40.5,26.25,descending,221.20229
40.5,26.5,descending,234.33578
40.5,26.75,descending,244.48904
40.5,27.0,descending,246.4285
40.5,27.25,descending,240.36687
40.5,27.5,descending,235.70149
40.5,27.75,descending,232.72
40.5,28.0,descending,232.2289
40.5,28.25,descending,230.58052
40.5,28.5,descending,232.03842
40.5,28.75,descending,238.3421
40.5,29.0,descending,248.93285
40.5,29.25,descending,256.4441
40.5,29.5,descending,261.496
40.5,29.75,descending,267.16272
40.5,30.0,descending,271.1041
40.5,30.25,descending,272.1416
40.5,30.5,descending,272.4148
40.5,30.75,descending,271.985
40.5,31.0,descending,272.539
40.5,31.25,descending,273.808
40.5,31.5,descending,273.41855
40.5,31.75,descending,272.81
40.5,32.0,descending,272.6975
40.5,32.25,descending,272.636
40.5,32.5,descending,271.9025
40.5,32.75,descending,271.03665
40.5,33.0,descending,270.95428
40.5,33.25,descending,271.62143
40.5,33.5,descending,272.23712
40.5,33.75,descending,272.2283
40.5,34.0,descending,271.92874
40.5,34.25,descending,271.90665
40.5,34.5,descending,271.57
40.5,34.75,descending,271.22833
40.5,35.0,descending,271.31714
40.5,35.25,descending,271.78998
40.5,35.5,descending,272.19
40.5,35.75,descending,272.33572
40.5,36.0,descending,272.72665
40.5,36.25,descending,272.93143
40.5,36.5,descending,272.59427
40.5,36.75,descending,271.74713
40.5,37.0,descending,271.13428
40.5,37.25,descending,271.2557
40.5,37.5,descending,271.56375
40.5,37.75,descending,271.15143
40.5,38.0,descending,270.37
40.75,-13.0,descending,188.51666
40.75,-12.75,descending,188.53937
40.75,-12.5,descending,188.61467
40.75,-12.25,descending,188.57462
40.75,-12.0,descending,188.3975
40.75,-11.75,descending,188.09416
40.75,-11.5,descending,187.81699
40.75,-11.25,descending,187.76555
40.75,-11.0,descending,187.83818
40.75,-10.75,descending,187.81221
40.75,-10.5,descending,187.64375
40.75,-10.25,descending,187.43375
40.75,-10.0,descending,187.26111
40.75,-9.75,descending,187.30714
40.75,-9.5,descending,187.65
40.75,-9.25,descending,189.17125
40.75,-9.0,descending,197.17125
40.75,-8.75,descending,223.50375
40.75,-8.5,descending,249.665
40.75,-8.25,descending,269.6125
40.75,-8.0,descending,274.47
40.75,-7.75,descending,275.26855
40.75,-7.5,descending,276.36374
40.75,-7.25,descending,277.36832
40.75,-7.0,descending,278.24832
40.75,-6.75,descending,278.9957
40.75,-6.5,descending,279.19333
40.75,-6.25,descending,278.91714
40.75,-6.0,descending,278.60666
40.75,-5.75,descending,277.955
40.75,-5.5,descending,277.42715
40.75,-5.25,descending,277.646
40.75,-5.0,descending,278.14142
40.75,-4.75,descending,278.7443
40.75,-4.5,descending,279.3
40.75,-4.25,descending,280.07428
40.75,-4.0,descending,279.96573
40.75,-3.75,descending,279.77798
40.75,-3.5,descending,279.13498
40.75,-3.25,descending,279.05
40.75,-3.0,descending,278.892
40.75,-2.75,descending,278.52713
40.75,-2.5,descending,278.95874
40.75,-2.25,descending,279.276
40.75,-2.0,descending,278.26666
40.75,-1.75,descending,276.93
40.75,-1.5,descending,276.08142
40.75,-1.25,descending,275.79288
40.75,-1.0,descending,275.93
40.75,-0.75,descending,276.57715
40.75,-0.5,descending,277.62
40.75,-0.25,descending,278.09427
40.75,-0.0,descending,258.97665
40.75,0.25,descending,261.02
40.75,0.5,descending,239.20857
40.75,0.75,descending,220.09856
40.75,1.0,descending,202.2325
40.75,1.25,descending,199.10571
40.75,1.5,descending,196.29713
40.75,1.75,descending,195.66142
40.75,2.0,descending,194.57874
40.75,2.25,descending,193.81285
40.75,2.5,descending,193.845
40.75,2.75,descending,193.94221
40.75,3.0,descending,193.81221
40.75,3.25,descending,193.86624
40.75,3.5,descending,194.226
40.75,3.75,descending,194.26222
40.75,4.0,descending,194.30899
40.75,4.25,descending,194.80083
40.75,4.5,descending,195.538
40.75,4.75,descending,196.00581
40.75,5.0,descending,196.28667
40.75,5.25,descending,196.38713
40.75,5.5,descending,196.4
40.75,5.75,descending,196.464
40.75,6.0,descending,196.63904
40.75,6.25,descending,196.73111
40.75,11.5,descending,195.875
40.75,11.75,descending,195.78833
40.75,12.0,descending,195.58624
40.75,12.25,descending,195.08142
40.75,12.5,descending,194.34308
40.75,12.75,descending,193.59583
40.75,13.0,descending,193.0109
40.75,13.25,descending,193.06454
40.75,13.5,descending,194.573
40.75,13.75,descending,199.15
40.75,14.0,descending,205.88666
40.75,14.25,descending,214.60889
40.75,14.5,descending,225.70555
40.75,14.75,descending,235.39374
40.75,15.0,descending,248.5725
40.75,15.25,descending,262.8457
40.75,15.5,descending,272.69427
40.75,15.75,descending,276.38428
40.75,16.0,descending,277.45624
40.75,16.25,descending,278.02332
40.75,16.5,descending,278.00714
40.75,16.75,descending,273.99222
40.75,17.0,descending,262.52164
40.75,17.25,descending,250.17749
40.75,17.5,descending,243.8525
40.75,17.75,descending,239.25427
40.75,18.0,descending,229.88666
40.75,18.25,descending,218.67429
40.75,18.5,descending,205.65857
40.75,18.75,descending,197.52666
40.75,19.0,descending,197.50284
40.75,19.25,descending,212.04
40.75,19.5,descending,241.47714
40.75,19.75,descending,266.3757
40.75,20.0,descending,273.28598
40.75,20.25,descending,272.99286
40.75,20.5,descending,269.76855
40.75,20.75,descending,267.2975
40.75,21.0,descending,267.77713
40.75,21.25,descending,270.78333
40.75,21.5,descending,273.03
40.75,21.75,descending,273.2333
40.75,22.0,descending,273.63168
40.75,22.25,descending,272.53
40.75,22.5,descending,262.2557
40.75,22.75,descending,250.81999
40.75,23.0,descending,257.846
40.75,23.25,descending,263.85498
40.75,23.5,descending,260.68713
40.75,23.75,descending,246.54428
40.75,24.0,descending,227.18834
40.75,24.25,descending,215.37
40.75,24.5,descending,209.89833
40.75,24.75,descending,206.89714
40.75,25.0,descending,202.31857
40.75,25.25,descending,202.99857
40.75,25.5,descending,206.39894
40.75,25.75,descending,211.39392
40.75,26.0,descending,218.79181
40.75,26.25,descending,231.1785
40.75,26.5,descending,241.27618
40.75,26.75,descending,246.985
40.75,27.0,descending,245.82211
40.75,27.25,descending,234.50368
40.75,27.5,descending,221.51105
40.75,27.75,descending,212.98117
40.75,28.0,descending,207.38165
40.75,28.25,descending,204.89624
40.75,28.5,descending,207.51833
40.75,28.75,descending,214.92647
40.75,29.0,descending,228.51648
40.75,29.25,descending,244.18723
40.75,29.5,descending,255.28665
40.75,29.75,descending,262.7541
40.75,30.0,descending,266.71698
40.75,30.25,descending,268.60318
40.75,30.5,descending,268.95883
40.75,30.75,descending,268.61734
40.75,31.0,descending,266.61636
40.75,31.25,descending,271.9925
40.75,31.5,descending,272.42624
40.75,31.75,descending,272.41144
40.75,32.0,descending,272.11832
40.75,32.25,descending,272.01874
40.75,32.5,descending,271.68
40.75,32.75,descending,271.1
40.75,33.0,descending,270.67
40.75,33.25,descending,270.95667
40.75,33.5,descending,271.74857
40.75,33.75,descending,271.97998
40.75,34.0,descending,271.85666
40.75,34.25,descending,271.82666
40.75,34.5,descending,271.72998
40.75,34.75,descending,271.5114
40.75,35.0,descending,271.505
40.75,35.25,descending,271.9157
40.75,35.5,descending,272.23166
40.75,35.75,descending,272.25998
40.75,36.0,descending,272.6325
40.75,36.25,descending,272.75998
40.75,36.5,descending,272.255
40.75,36.75,descending,271.60284
40.75,37.0,descending,269.90625
40.75,37.25,descending,269.14713
40.75,37.5,descending,268.57285
40.75,37.75,descending,267.05716
40.75,38.0,descending,266.235
41.0,-13.0,descending,188.78857
41.0,-12.75,descending,188.76999
41.0,-12.5,descending,188.72665
41.0,-12.25,descending,188.69077
41.0,-12.0,descending,188.575
41.0,-11.75,descending,188.36
41.0,-11.5,descending,188.0891
41.0,-11.25,descending,187.93364
41.0,-11.0,descending,187.887
41.0,-10.75,descending,187.79333
41.0,-10.5,descending,187.622
41.0,-10.25,descending,187.44667
41.0,-10.0,descending,187.27888
41.0,-9.75,descending,187.22112
41.0,-9.5,descending,187.57777
41.0,-9.25,descending,189.14624
41.0,-9.0,descending,195.90141
41.0,-8.75,descending,213.39
41.0,-8.5,descending,245.70125
41.0,-8.25,descending,265.63428
41.0,-8.0,descending,273.74445
41.0,-7.75,descending,275.14166
41.0,-7.5,descending,275.99857
41.0,-7.25,descending,277.1357
41.0,-7.0,descending,277.8425
41.0,-6.75,descending,278.42502
41.0,-6.5,descending,279.03427
41.0,-6.25,descending,279.1157
41.0,-6.0,descending,278.67166
41.0,-5.75,descending,277.80142
41.0,-5.5,descending,277.13428
41.0,-5.25,descending,277.3875
41.0,-5.0,descending,278.09714
41.0,-4.75,descending,278.56168
41.0,-4.5,descending,278.76144
41.0,-4.25,descending,278.775
41.0,-4.0,descending,278.57834
41.0,-3.75,descending,278.42715
41.0,-3.5,descending,278.43573
41.0,-3.25,descending,278.30167
41.0,-3.0,descending,278.29715
41.0,-2.75,descending,277.835
41.0,-2.5,descending,278.025
41.0,-2.25,descending,278.6657
41.0,-2.0,descending,278.19833
41.0,-1.75,descending,277.178
41.0,-1.5,descending,276.6657
41.0,-1.25,descending,276.25714
41.0,-1.0,descending,276.215
41.0,-0.75,descending,276.73166
41.0,-0.5,descending,277.7825
41.0,-0.25,descending,278.82333
41.0,-0.0,descending,278.19714
41.0,0.25,descending,273.64142
41.0,0.5,descending,259.56714
41.0,0.75,descending,241.54001
41.0,1.0,descending,217.02625
41.0,1.25,descending,212.74428
41.0,1.5,descending,204.32713
41.0,1.75,descending,203.46625
41.0,2.0,descending,199.44125
41.0,2.25,descending,196.5425
41.0,2.5,descending,194.94888
41.0,2.75,descending,194.2125
41.0,3.0,descending,193.78874
41.0,3.25,descending,193.57875
41.0,3.5,descending,193.436
41.0,3.75,descending,193.42778
41.0,4.0,descending,193.729
41.0,4.25,descending,194.36398
41.0,4.5,descending,195.10333
41.0,4.75,descending,195.69199
41.0,5.0,descending,196.06084
41.0,5.25,descending,196.23999
41.0,5.5,descending,196.31999
41.0,5.75,descending,196.4461
41.0,6.0,descending,196.57841
41.0,6.25,descending,196.64874
41.0,6.5,descending,196.65666
41.0,11.75,descending,195.01
41.0,12.0,descending,194.87117
41.0,12.25,descending,194.53642
41.0,12.5,descending,194.23643
41.0,12.75,descending,194.32166
41.0,13.0,descending,194.62001
41.0,13.25,descending,196.252
41.0,13.5,descending,199.55453
41.0,13.75,descending,207.75888
41.0,14.0,descending,223.51799
41.0,14.25,descending,238.74445
41.0,14.5,descending,249.51443
41.0,14.75,descending,258.4011
41.0,15.0,descending,265.47333
41.0,15.25,descending,271.6511
41.0,15.5,descending,276.1175
41.0,15.75,descending,277.87714
41.0,16.0,descending,277.37
41.0,16.25,descending,275.11334
41.0,16.5,descending,273.07712
41.0,16.75,descending,267.84332
41.0,17.0,descending,261.33572
41.0,17.25,descending,245.42
41.0,17.5,descending,233.42142
41.0,17.75,descending,222.53
41.0,18.0,descending,215.24284
41.0,18.25,descending,203.20625
41.0,18.5,descending,197.26666
41.0,18.75,descending,193.1657
41.0,19.0,descending,194.30429
41.0,19.25,descending,209.53714
41.0,19.5,descending,242.99625
41.0,19.75,descending,268.145
41.0,20.0,descending,274.80573
41.0,20.25,descending,273.56857
41.0,20.5,descending,267.82428
41.0,20.75,descending,263.22144
41.0,21.0,descending,263.82428
41.0,21.25,descending,269.20572
41.0,21.5,descending,273.03165
41.0,21.75,descending,273.875
41.0,22.0,descending,274.49
41.0,22.25,descending,274.7
41.0,22.5,descending,271.94427
41.0,22.75,descending,267.8757
41.0,23.0,descending,268.66998
41.0,23.25,descending,271.71857
41.0,23.5,descending,269.80667
41.0,23.75,descending,260.3625
41.0,24.0,descending,245.59166
41.0,24.25,descending,236.29428
41.0,24.5,descending,231.20857
41.0,24.75,descending,229.5057
41.0,25.0,descending,224.04625
41.0,25.25,descending,229.34856
41.0,25.5,descending,233.89
41.0,25.75,descending,243.1928
41.0,26.0,descending,247.88173
41.0,26.25,descending,253.75905
41.0,26.5,descending,258.47238
41.0,26.75,descending,262.16788
41.0,27.0,descending,260.25702
41.0,27.25,descending,251.5
41.0,27.5,descending,237.8261
41.0,27.75,descending,224.69763
41.0,28.0,descending,215.54262
41.0,28.25,descending,211.37111
41.0,28.5,descending,212.68799
41.0,28.75,descending,218.08052
41.0,29.0,descending,227.50722
41.0,29.25,descending,238.87999
41.0,29.5,descending,248.96333
41.0,29.75,descending,253.93198
41.0,30.0,descending,255.89499
41.0,30.25,descending,258.20273
41.0,30.5,descending,255.00667
41.0,30.75,descending,252.1773
41.0,31.0,descending,250.27089
41.0,31.25,descending,256.5011
41.0,31.5,descending,269.57333
41.0,31.75,descending,271.645
41.0,32.0,descending,272.1657
41.0,32.25,descending,272.26285
41.0,32.5,descending,272.28833
41.0,32.75,descending,272.06143
41.0,33.0,descending,271.55713
41.0,33.25,descending,271.29428
41.0,33.5,descending,271.3857
41.0,33.75,descending,271.69333
41.0,34.0,descending,271.9157
41.0,34.25,descending,271.97714
41.0,34.5,descending,271.99286
41.0,34.75,descending,271.86667
41.0,35.0,descending,271.59143
41.0,35.25,descending,271.40143
41.0,35.5,descending,271.755
41.0,35.75,descending,271.535
41.0,36.0,descending,270.40875
41.0,36.25,descending,269.79834
41.0,36.5,descending,269.33
41.0,36.75,descending,266.055
41.0,37.0,descending,260.68857
41.0,37.25,descending,258.23856
41.0,37.5,descending,255.18001
41.0,37.75,descending,251.08571
41.0,38.0,descending,250.22
41.25,-13.0,descending,189.30249
41.25,-12.75,descending,189.21529
41.25,-12.5,descending,189.06534
41.25,-12.25,descending,188.98154
41.25,-12.0,descending,188.95416
41.25,-11.75,descending,188.808
41.25,-11.5,descending,188.53545
41.25,-11.25,descending,188.318
41.25,-11.0,descending,188.17874
41.25,-10.75,descending,188.02888
41.25,-10.5,descending,187.805
41.25,-10.25,descending,187.5575
41.25,-10.0,descending,187.37125
41.25,-9.75,descending,187.27124
41.25,-9.5,descending,187.67499
41.25,-9.25,descending,190.04713
41.25,-9.0,descending,197.99142
41.25,-8.75,descending,217.74625
41.25,-8.5,descending,242.13428
41.25,-8.25,descending,263.98285
41.25,-8.0,descending,272.89667
41.25,-7.75,descending,275.235
41.25,-7.5,descending,276.00858
41.25,-7.25,descending,276.73373
41.25,-7.0,descending,277.20428
41.25,-6.75,descending,277.545
41.25,-6.5,descending,277.8857
41.25,-6.25,descending,278.37
41.25,-6.0,descending,278.55124
41.25,-5.75,descending,277.75998
41.25,-5.5,descending,277.0914
41.25,-5.25,descending,277.15332
41.25,-5.0,descending,277.75998
41.25,-4.75,descending,278.51855
41.25,-4.5,descending,278.79572
41.25,-4.25,descending,278.544
41.25,-4.0,descending,277.96
41.25,-3.75,descending,277.50168
41.25,-3.5,descending,277.46713
41.25,-3.25,descending,277.538
41.25,-3.0,descending,277.1575
41.25,-2.75,descending,276.855
41.25,-2.5,descending,277.16998
41.25,-2.25,descending,277.83713
41.25,-2.0,descending,277.89374
41.25,-1.75,descending,277.41
41.25,-1.5,descending,277.022
41.25,-1.25,descending,276.668
41.25,-1.0,descending,276.71198
41.25,-0.75,descending,277.35715
41.25,-0.5,descending,278.256
41.25,-0.25,descending,278.934
41.25,-0.0,descending,258.15665
41.25,0.25,descending,278.58572
41.25,0.5,descending,272.9157
41.25,0.75,descending,262.69284
41.25,1.0,descending,242.545
41.25,1.25,descending,238.97714
41.25,1.5,descending,225.86856
41.25,1.75,descending,225.89429
41.25,2.0,descending,214.35625
41.25,2.25,descending,205.84143
41.25,2.5,descending,199.92
41.25,2.75,descending,196.93875
41.25,3.0,descending,195.0311
41.25,3.25,descending,193.97874
41.25,3.5,descending,193.64777
41.25,3.75,descending,193.47223
41.25,4.0,descending,193.56221
41.25,4.25,descending,193.93777
41.25,4.5,descending,194.45363
41.25,4.75,descending,195.006
41.25,5.0,descending,195.54819
41.25,5.25,descending,195.84917
41.25,5.5,descending,196.12666
41.25,5.75,descending,196.31857
41.25,6.0,descending,196.49176
41.25,6.25,descending,196.61191
41.25,6.5,descending,196.70749
41.25,11.75,descending,194.32199
41.25,12.0,descending,194.61882
41.25,12.25,descending,195.26929
41.25,12.5,descending,197.58
41.25,12.75,descending,202.43834
41.25,13.0,descending,207.40498
41.25,13.25,descending,213.30801
41.25,13.5,descending,219.13998
41.25,13.75,descending,226.05
41.25,14.0,descending,241.80779
41.25,14.25,descending,255.78499
41.25,14.5,descending,265.64444
41.25,14.75,descending,272.38373
41.25,15.0,descending,275.69
41.25,15.25,descending,277.70874
41.25,15.5,descending,277.80875
41.25,15.75,descending,274.7825
41.25,16.0,descending,269.54126
41.25,16.25,descending,261.22665
41.25,16.5,descending,253.45749
41.25,16.75,descending,246.96571
41.25,17.0,descending,236.19249
41.25,17.25,descending,225.54167
41.25,17.5,descending,213.7625
41.25,17.75,descending,206.42
41.25,18.0,descending,198.64874
41.25,18.25,descending,194.9
41.25,18.5,descending,192.04874
41.25,18.75,descending,191.26399
41.25,19.0,descending,193.65833
41.25,19.25,descending,206.45833
41.25,19.5,descending,234.50667
41.25,19.75,descending,264.295
41.25,20.0,descending,274.57
41.25,20.25,descending,273.474
41.25,20.5,descending,269.15665
41.25,20.75,descending,263.72427
41.25,21.0,descending,265.04666
41.25,21.25,descending,270.08197
41.25,21.5,descending,273.63428
41.25,21.75,descending,275.17798
41.25,22.0,descending,275.69144
41.25,22.25,descending,275.83664
41.25,22.5,descending,275.23666
41.25,22.75,descending,274.12283
41.25,23.0,descending,273.71857
41.25,23.25,descending,274.80856
41.25,23.5,descending,274.44144
41.25,23.75,descending,269.70712
41.25,24.0,descending,264.47998
41.25,24.25,descending,259.82285
41.25,24.5,descending,255.57571
41.25,24.75,descending,254.65857
41.25,25.0,descending,251.81999
41.25,25.25,descending,255.22667
41.25,25.5,descending,258.65698
41.25,25.75,descending,266.6768
41.25,26.0,descending,268.4168
41.25,26.25,descending,269.0855
41.25,26.5,descending,268.8276
41.25,26.75,descending,268.82556
41.25,27.0,descending,268.13666
41.25,27.25,descending,265.02
41.25,27.5,descending,258.7237
41.25,27.75,descending,252.83646
41.25,28.0,descending,244.03421
41.25,28.25,descending,236.88625
41.25,28.5,descending,231.94556
41.25,28.75,descending,227.82411
41.25,29.0,descending,227.217
41.25,29.25,descending,229.27647
41.25,29.5,descending,228.00684
41.25,29.75,descending,228.001
41.25,30.0,descending,229.02527
41.25,30.25,descending,228.75
41.25,30.5,descending,225.0287
41.25,30.75,descending,220.45667
41.25,31.0,descending,220.89177
41.25,31.25,descending,225.531
41.25,31.5,descending,251.13
41.25,31.75,descending,265.66428
41.25,32.0,descending,269.9275
41.25,32.25,descending,272.228
41.25,32.5,descending,272.85126
41.25,32.75,descending,272.99
41.25,33.0,descending,272.65427
41.25,33.25,descending,272.25
41.25,33.5,descending,271.58334
41.25,33.75,descending,271.3414
41.25,34.0,descending,271.63
41.25,34.25,descending,271.74832
41.25,34.5,descending,271.87997
41.25,34.75,descending,271.94598
41.25,35.0,descending,271.22125
41.25,35.25,descending,270.25
41.25,35.5,descending,269.42285
41.25,35.75,descending,269.2333
41.25,36.0,descending,263.34
41.25,36.25,descending,257.3814
41.25,36.5,descending,254.93857
41.25,36.75,descending,251.55
41.25,37.0,descending,243.86249
41.25,37.25,descending,232.67142
41.25,37.5,descending,225.70624
41.25,37.75,descending,223.98
41.25,38.0,descending,221.67801
41.5,-13.0,descending,190.00111
41.5,-12.75,descending,189.9794
41.5,-12.5,descending,189.836
41.5,-12.25,descending,189.64572
41.5,-12.0,descending,189.60922
41.5,-11.75,descending,189.44453
41.5,-11.5,descending,189.14183
41.5,-11.25,descending,188.75273
41.5,-11.0,descending,188.41908
41.5,-10.75,descending,188.211
41.5,-10.5,descending,188.00446
41.5,-10.25,descending,187.7475
41.5,-10.0,descending,187.45
41.5,-9.75,descending,187.26
41.5,-9.5,descending,187.65332
41.5,-9.25,descending,191.00749
41.5,-9.0,descending,202.20555
41.5,-8.75,descending,222.15714
41.5,-8.5,descending,247.7675
41.5,-8.25,descending,264.645
41.5,-8.0,descending,272.45285
41.5,-7.75,descending,275.12286
41.5,-7.5,descending,276.125
41.5,-7.25,descending,276.44
41.5,-7.0,descending,276.51166
41.5,-6.75,descending,276.44125
41.5,-6.5,descending,276.66855
41.5,-6.25,descending,276.90332
41.5,-6.0,descending,277.12857
41.5,-5.75,descending,277.32498
41.5,-5.5,descending,277.04
41.5,-5.25,descending,277.07333
41.5,-5.0,descending,277.41125
41.5,-4.75,descending,278.00833
41.5,-4.5,descending,278.42667
41.5,-4.25,descending,278.24286
41.5,-4.0,descending,277.53427
41.5,-3.75,descending,277.03143
41.5,-3.5,descending,276.98502
41.5,-3.25,descending,277.00858
41.5,-3.0,descending,276.678
41.5,-2.75,descending,276.28287
41.5,-2.5,descending,276.43164
41.5,-2.25,descending,277.16
41.5,-2.0,descending,277.46
41.5,-1.75,descending,277.36285
41.5,-1.5,descending,277.1243
41.5,-1.25,descending,276.8857
41.5,-1.0,descending,276.99
41.5,-0.75,descending,277.846
41.5,-0.5,descending,278.5657
41.5,-0.25,descending,278.7743
41.5,-0.0,descending,258.08
41.5,0.25,descending,279.54855
41.5,0.5,descending,278.44998
41.5,0.75,descending,274.98428
41.5,1.0,descending,265.71
41.5,1.25,descending,264.08713
41.5,1.5,descending,254.02284
41.5,1.75,descending,253.39285
41.5,2.0,descending,238.53714
41.5,2.25,descending,228.12776
41.5,2.5,descending,215.39499
41.5,2.75,descending,207.28
41.5,3.0,descending,200.21715
41.5,3.25,descending,196.69374
41.5,3.5,descending,194.45555
41.5,3.75,descending,193.86374
41.5,4.0,descending,193.597
41.5,4.25,descending,193.67
41.5,4.5,descending,193.90443
41.5,4.75,descending,194.422
41.5,5.0,descending,194.81499
41.5,5.25,descending,195.22583
41.5,5.5,descending,195.68768
41.5,5.75,descending,196.05998
41.5,6.0,descending,196.40411
41.5,6.25,descending,196.653
41.5,6.5,descending,196.6492
41.5,6.75,descending,196.45999
41.5,11.75,descending,195.84091
41.5,12.0,descending,197.57631
41.5,12.25,descending,202.05133
41.5,12.5,descending,210.68384
41.5,12.75,descending,224.5
41.5,13.0,descending,236.2
41.5,13.25,descending,244.68799
41.5,13.5,descending,251.273
41.5,13.75,descending,258.1509
41.5,14.0,descending,261.55444
41.5,14.25,descending,269.19775
41.5,14.5,descending,274.27112
41.5,14.75,descending,276.97
41.5,15.0,descending,278.12555
41.5,15.25,descending,278.53
41.5,15.5,descending,277.1657
41.5,15.75,descending,269.9725
41.5,16.0,descending,254.49124
41.5,16.25,descending,238.73749
41.5,16.5,descending,227.25284
41.5,16.75,descending,217.96858
41.5,17.0,descending,210.42714
41.5,17.25,descending,203.14374
41.5,17.5,descending,199.01
41.5,17.75,descending,195.46124
41.5,18.0,descending,193.16
41.5,18.25,descending,191.81
41.5,18.5,descending,191.03333
41.5,18.75,descending,191.26857
41.5,19.0,descending,193.75713
41.5,19.25,descending,205.30666
41.5,19.5,descending,235.7875
41.5,19.75,descending,264.405
41.5,20.0,descending,273.81143
41.5,20.25,descending,274.15665
41.5,20.5,descending,271.22427
41.5,20.75,descending,268.75
41.5,21.0,descending,269.61713
41.5,21.25,descending,272.26334
41.5,21.5,descending,275.20624
41.5,21.75,descending,276.245
41.5,22.0,descending,276.665
41.5,22.25,descending,276.66998
41.5,22.5,descending,275.92142
41.5,22.75,descending,274.86
41.5,23.0,descending,274.70428
41.5,23.25,descending,275.34
41.5,23.5,descending,275.42856
41.5,23.75,descending,273.77142
41.5,24.0,descending,271.95624
41.5,24.25,descending,270.50833
41.5,24.5,descending,269.49374
41.5,24.75,descending,269.14142
41.5,25.0,descending,267.6971
41.5,25.25,descending,268.21167
41.5,25.5,descending,269.6657
41.5,25.75,descending,272.46457
41.5,26.0,descending,273.21707
41.5,26.25,descending,272.98044
41.5,26.5,descending,271.91907
41.5,26.75,descending,271.548
41.5,27.0,descending,271.01834
41.5,27.25,descending,270.12683
41.5,27.5,descending,268.8535
41.5,27.75,descending,264.5794
41.5,28.0,descending,254.56236
41.5,28.25,descending,239.47578
41.5,28.5,descending,224.83824
41.5,28.75,descending,215.8547
41.5,29.0,descending,210.3425
41.5,29.25,descending,205.11714
41.5,29.5,descending,202.66779
41.5,29.75,descending,199.68631
41.5,30.0,descending,200.45525
41.5,30.25,descending,199.83905
41.5,30.5,descending,196.28636
41.5,30.75,descending,196.96262
41.5,31.0,descending,198.99516
41.5,31.25,descending,202.04709
41.5,31.5,descending,210.10333
41.5,31.75,descending,235.78624
41.5,32.0,descending,254.504
41.5,32.25,descending,264.97427
41.5,32.5,descending,268.78143
41.5,32.75,descending,271.63333
41.5,33.0,descending,271.905
41.5,33.25,descending,271.87
41.5,33.5,descending,271.13998
41.5,33.75,descending,270.495
41.5,34.0,descending,270.47858
41.5,34.25,descending,270.63998
41.5,34.5,descending,271.10858
41.5,34.75,descending,270.56857
41.5,35.0,descending,267.612
41.5,35.25,descending,264.74713
41.5,35.5,descending,261.21664
41.5,35.75,descending,257.38715
41.5,36.0,descending,252.88832
41.5,36.25,descending,234.34833
41.5,36.5,descending,224.0775
41.5,36.75,descending,225.46501
41.5,37.0,descending,220.58125
41.5,37.25,descending,206.38998
41.5,37.5,descending,204.2425
41.5,37.75,descending,201.83333
41.5,38.0,descending,198.2475
41.75,-13.0,descending,190.4257
41.75,-12.75,descending,190.45312
41.75,-12.5,descending,190.40533
41.75,-12.25,descending,190.29356
41.75,-12.0,descending,190.21333
41.75,-11.75,descending,190.09583
41.75,-11.5,descending,189.76909
41.75,-11.25,descending,189.333
41.75,-11.0,descending,188.77701
41.75,-10.75,descending,188.27875
41.75,-10.5,descending,187.94667
41.75,-10.25,descending,187.69221
41.75,-10.0,descending,187.38428
41.75,-9.75,descending,187.20125
41.75,-9.5,descending,187.90875
41.75,-9.25,descending,192.05249
41.75,-9.0,descending,205.48427
41.75,-8.75,descending,228.29428
41.75,-8.5,descending,252.04001
41.75,-8.25,descending,266.395
41.75,-8.0,descending,272.39624
41.75,-7.75,descending,274.69144
41.75,-7.5,descending,275.56
41.75,-7.25,descending,275.99857
41.75,-7.0,descending,275.655
41.75,-6.75,descending,275.39166
41.75,-6.5,descending,275.6157
41.75,-6.25,descending,275.82666
41.75,-6.0,descending,275.7443
41.75,-5.75,descending,276.05856
41.75,-5.5,descending,276.56998
41.75,-5.25,descending,276.99832
41.75,-5.0,descending,277.14142
41.75,-4.75,descending,277.256
41.75,-4.5,descending,277.66855
41.75,-4.25,descending,277.59332
41.75,-4.0,descending,277.03333
41.75,-3.75,descending,276.638
41.75,-3.5,descending,276.66998
41.75,-3.25,descending,276.87332
41.75,-3.0,descending,276.78998
41.75,-2.75,descending,276.17596
41.75,-2.5,descending,276.0325
41.75,-2.25,descending,276.54572
41.75,-2.0,descending,276.8775
41.75,-1.75,descending,276.83856
41.75,-1.5,descending,276.80856
41.75,-1.25,descending,276.83
41.75,-1.0,descending,277.19998
41.75,-0.75,descending,278.04715
41.75,-0.5,descending,278.79715
41.75,-0.25,descending,278.94855
41.75,-0.0,descending,279.1014
41.75,0.25,descending,279.75287
41.75,0.5,descending,279.8257
41.75,0.75,descending,279.00333
41.75,1.0,descending,276.88373
41.75,1.25,descending,276.4283
41.75,1.5,descending,273.48373
41.75,1.75,descending,272.04715
41.75,2.0,descending,261.85855
41.75,2.25,descending,256.18427
41.75,2.5,descending,242.12125
41.75,2.75,descending,227.13713
41.75,3.0,descending,216.03221
41.75,3.25,descending,202.48889
41.75,3.5,descending,196.04332
41.75,3.75,descending,194.40285
41.75,4.0,descending,193.884
41.75,4.25,descending,193.60777
41.75,4.5,descending,193.66455
41.75,4.75,descending,193.918
41.75,5.0,descending,194.19666
41.75,5.25,descending,194.538
41.75,5.5,descending,195.15498
41.75,5.75,descending,195.79
41.75,6.0,descending,196.29356
41.75,6.25,descending,196.47733
41.75,6.5,descending,196.41182
41.75,6.75,descending,196.16061
41.75,11.75,descending,203.56857
41.75,12.0,descending,207.5361
41.75,12.25,descending,216.65799
41.75,12.5,descending,231.65768
41.75,12.75,descending,248.00455
41.75,13.0,descending,258.39725
41.75,13.25,descending,267.08728
41.75,13.5,descending,271.07907
41.75,13.75,descending,273.3757
41.75,14.0,descending,274.069
41.75,14.25,descending,275.4989
41.75,14.5,descending,275.895
41.75,14.75,descending,274.78375
41.75,15.0,descending,272.8375
41.75,15.25,descending,270.75873
41.75,15.5,descending,270.48874
41.75,15.75,descending,263.65714
41.75,16.0,descending,247.45714
41.75,16.25,descending,224.2525
41.75,16.5,descending,207.23143
41.75,16.75,descending,199.96858
41.75,17.0,descending,196.87999
41.75,17.25,descending,193.93199
41.75,17.5,descending,192.79141
41.75,17.75,descending,191.65833
41.75,18.0,descending,191.54375
41.75,18.25,descending,191.40285
41.75,18.5,descending,191.73999
41.75,18.75,descending,193.30998
41.75,19.0,descending,197.92168
41.75,19.25,descending,207.70142
41.75,19.5,descending,232.19832
41.75,19.75,descending,259.285
41.75,20.0,descending,273.28
41.75,20.25,descending,274.14285
41.75,20.5,descending,272.68832
41.75,20.75,descending,271.7383
41.75,21.0,descending,272.20834
41.75,21.25,descending,273.97
41.75,21.5,descending,275.534
41.75,21.75,descending,276.9157
41.75,22.0,descending,277.28333
41.75,22.25,descending,276.91998
41.75,22.5,descending,276.0657
41.75,22.75,descending,275.09
41.75,23.0,descending,275.115
41.75,23.25,descending,275.36
41.75,23.5,descending,274.92715
41.75,23.75,descending,273.7614
41.75,24.0,descending,272.8
41.75,24.25,descending,272.96857
41.75,24.5,descending,273.3414
41.75,24.75,descending,273.1657
41.75,25.0,descending,272.78333
41.75,25.25,descending,272.56714
41.75,25.5,descending,272.9814
41.75,25.75,descending,273.50543
41.75,26.0,descending,273.58304
41.75,26.25,descending,273.26865
41.75,26.5,descending,272.74283
41.75,26.75,descending,272.65945
41.75,27.0,descending,272.4684
41.75,27.25,descending,272.22586
41.75,27.5,descending,270.31445
41.75,27.75,descending,262.53296
41.75,28.0,descending,243.19054
41.75,28.25,descending,220.81436
41.75,28.5,descending,206.86578
41.75,28.75,descending,198.11874
41.75,29.0,descending,193.79472
41.75,29.25,descending,190.72067
41.75,29.5,descending,189.24646
41.75,29.75,descending,188.57294
41.75,30.0,descending,187.97105
41.75,30.25,descending,187.50105
41.75,30.5,descending,187.5515
41.75,30.75,descending,187.67818
41.75,31.0,descending,188.7275
41.75,31.25,descending,189.74161
41.75,31.5,descending,191.0719
41.75,31.75,descending,201.17168
41.75,32.0,descending,222.75626
41.75,32.25,descending,235.11427
41.75,32.5,descending,253.63332
41.75,32.75,descending,259.23856
41.75,33.0,descending,262.68668
41.75,33.25,descending,266.97
41.75,33.5,descending,266.53
41.75,33.75,descending,265.13333
41.75,34.0,descending,264.9233
41.75,34.25,descending,264.598
41.75,34.5,descending,264.16498
41.75,34.75,descending,263.96198
41.75,35.0,descending,260.0757
41.75,35.25,descending,245.83667
41.75,35.5,descending,239.01143
41.75,35.75,descending,233.79399
41.75,36.0,descending,228.31874
41.75,36.25,descending,211.16333
41.75,36.5,descending,200.61398
41.75,36.75,descending,200.38142
41.75,37.0,descending,197.24142
41.75,37.25,descending,193.52141
41.75,37.5,descending,192.99142
41.75,37.75,descending,191.67833
41.75,38.0,descending,190.30333
42.0,-13.0,descending,190.65
42.0,-12.75,descending,190.70421
42.0,-12.5,descending,190.6453
42.0,-12.25,descending,190.56929
42.0,-12.0,descending,190.48
42.0,-11.75,descending,190.34416
42.0,-11.5,descending,190.13364
42.0,-11.25,descending,189.79599
42.0,-11.0,descending,189.261
42.0,-10.75,descending,188.547
42.0,-10.5,descending,187.93999
42.0,-10.25,descending,187.55667
42.0,-10.0,descending,187.35222
42.0,-9.75,descending,187.1825
42.0,-9.5,descending,187.6975
42.0,-9.25,descending,192.78749
42.0,-9.0,descending,206.6157
42.0,-8.75,descending,231.30444
42.0,-8.5,descending,255.57999
42.0,-8.25,descending,269.205
42.0,-8.0,descending,273.0157
42.0,-7.75,descending,273.95856
42.0,-7.5,descending,274.49
42.0,-7.25,descending,274.9157
42.0,-7.0,descending,274.752
42.0,-6.75,descending,274.4357
42.0,-6.5,descending,274.38428
42.0,-6.25,descending,274.78857
42.0,-6.0,descending,274.77426
42.0,-5.75,descending,274.995
42.0,-5.5,descending,275.82498
42.0,-5.25,descending,276.59427
42.0,-5.0,descending,276.99167
42.0,-4.75,descending,276.91333
42.0,-4.5,descending,276.97665
42.0,-4.25,descending,277.10284
42.0,-4.0,descending,276.72287
42.0,-3.75,descending,276.37
42.0,-3.5,descending,276.1725
42.0,-3.25,descending,276.474
42.0,-3.0,descending,276.5914
42.0,-2.75,descending,276.11
42.0,-2.5,descending,275.65143
42.0,-2.25,descending,275.95166
42.0,-2.0,descending,276.24
42.0,-1.75,descending,276.12
42.0,-1.5,descending,276.07498
42.0,-1.25,descending,276.53833
42.0,-1.0,descending,277.27625
42.0,-0.75,descending,278.09668
42.0,-0.5,descending,278.83142
42.0,-0.25,descending,279.27713
42.0,-0.0,descending,260.83398
42.0,0.25,descending,280.01834
42.0,0.5,descending,280.13373
42.0,0.75,descending,279.88397
42.0,1.0,descending,279.96875
42.0,1.25,descending,280.01834
42.0,1.5,descending,279.405
42.0,1.75,descending,278.87427
42.0,2.0,descending,275.37875
42.0,2.25,descending,271.95142
42.0,2.5,descending,263.905
42.0,2.75,descending,252.12999
42.0,3.0,descending,232.36555
42.0,3.25,descending,208.76
42.0,3.5,descending,198.0625
42.0,3.75,descending,195.15887
42.0,4.0,descending,194.52556
42.0,4.25,descending,194.14555
42.0,4.5,descending,194.06667
42.0,4.75,descending,194.07544
42.0,5.0,descending,193.9209
42.0,5.25,descending,194.051
42.0,5.5,descending,194.66383
42.0,5.75,descending,195.3877
42.0,6.0,descending,195.76666
42.0,6.25,descending,195.81686
42.0,6.5,descending,195.65999
42.0,6.75,descending,195.33875
42.0,7.0,descending,194.83249
42.0,11.75,descending,221.36
42.0,12.0,descending,226.23999
42.0,12.25,descending,237.13312
42.0,12.5,descending,251.35643
42.0,12.75,descending,263.9523
42.0,13.0,descending,271.25333
42.0,13.25,descending,274.393
42.0,13.5,descending,275.30637
42.0,13.75,descending,275.626
42.0,14.0,descending,275.29544
42.0,14.25,descending,274.145
42.0,14.5,descending,270.881
42.0,14.75,descending,263.68375
42.0,15.0,descending,255.45876
42.0,15.25,descending,247.5625
42.0,15.5,descending,242.79124
42.0,15.75,descending,240.81554
42.0,16.0,descending,235.04428
42.0,16.25,descending,218.83714
42.0,16.5,descending,203.03333
42.0,16.75,descending,194.17334
42.0,17.0,descending,191.81624
42.0,17.25,descending,191.15625
42.0,17.5,descending,190.80998
42.0,17.75,descending,190.89857
42.0,18.0,descending,191.17429
42.0,18.25,descending,191.996
42.0,18.5,descending,193.99374
42.0,18.75,descending,199.01001
42.0,19.0,descending,206.42857
42.0,19.25,descending,222.11142
42.0,19.5,descending,241.26332
42.0,19.75,descending,262.39664
42.0,20.0,descending,272.94833
42.0,20.25,descending,274.42166
42.0,20.5,descending,273.20712
42.0,20.75,descending,272.88
42.0,21.0,descending,273.58
42.0,21.25,descending,274.60602
42.0,21.5,descending,275.55573
42.0,21.75,descending,276.7383
42.0,22.0,descending,277.14624
42.0,22.25,descending,276.63165
42.0,22.5,descending,275.73712
42.0,22.75,descending,275.37857
42.0,23.0,descending,275.3657
42.0,23.25,descending,275.13165
42.0,23.5,descending,274.36398
42.0,23.75,descending,273.64832
42.0,24.0,descending,272.98428
42.0,24.25,descending,273.13284
42.0,24.5,descending,273.7257
42.0,24.75,descending,273.81332
42.0,25.0,descending,273.78665
42.0,25.25,descending,273.56
42.0,25.5,descending,273.22714
42.0,25.75,descending,273.35367
42.0,26.0,descending,273.4246
42.0,26.25,descending,273.3352
42.0,26.5,descending,273.138
42.0,26.75,descending,273.0416
42.0,27.0,descending,272.78427
42.0,27.25,descending,271.78888
42.0,27.5,descending,267.67633
42.0,27.75,descending,255.2772
42.0,28.0,descending,229.51157
42.0,28.25,descending,207.84563
42.0,28.5,descending,196.57555
42.0,28.75,descending,190.25499
42.0,29.0,descending,187.80106
42.0,29.25,descending,186.68056
42.0,29.5,descending,186.01105
42.0,29.75,descending,185.67166
42.0,30.0,descending,185.6255
42.0,30.25,descending,185.673
42.0,30.5,descending,185.5865
42.0,30.75,descending,185.58382
42.0,31.0,descending,185.786
42.0,31.25,descending,185.99629
42.0,31.5,descending,186.45688
42.0,31.75,descending,187.68777
42.0,32.0,descending,192.15
42.0,32.25,descending,201.70999
42.0,32.5,descending,216.75749
42.0,32.75,descending,224.93333
42.0,33.0,descending,238.93857
42.0,33.25,descending,243.82713
42.0,33.5,descending,244.54857
42.0,33.75,descending,245.96498
42.0,34.0,descending,245.9825
42.0,34.25,descending,241.79
42.0,34.5,descending,242.326
42.0,34.75,descending,246.53667
42.0,35.0,descending,239.1225
42.0,35.25,descending,224.94
42.0,35.5,descending,210.38165
42.0,35.75,descending,210.38284
42.0,36.0,descending,203.01166
42.0,36.25,descending,195.70427
42.0,36.5,descending,191.45833
42.0,36.75,descending,189.02998
42.0,37.0,descending,188.28142
42.0,37.25,descending,187.71286
42.0,37.5,descending,187.86714
42.0,37.75,descending,188.04285
42.0,38.0,descending,188.17499
42.25,-12.75,descending,190.88823
42.25,-12.5,descending,190.87312
42.25,-12.25,descending,190.78572
42.25,-12.0,descending,190.59
42.25,-11.75,descending,190.32416
42.25,-11.5,descending,190.06818
42.25,-11.25,descending,189.84799
42.25,-11.0,descending,189.49
42.25,-10.75,descending,188.93555
42.25,-10.5,descending,188.24625
42.25,-10.25,descending,187.66624
42.25,-10.0,descending,187.32777
42.25,-9.75,descending,187.27249
42.25,-9.5,descending,187.80429
42.25,-9.25,descending,191.23625
42.25,-9.0,descending,205.42874
42.25,-8.75,descending,232.31429
42.25,-8.5,descending,257.30426
42.25,-8.25,descending,268.88998
42.25,-8.0,descending,273.06
42.25,-7.75,descending,273.56143
42.25,-7.5,descending,273.85
42.25,-7.25,descending,273.88428
42.25,-7.0,descending,273.6875
42.25,-6.75,descending,273.30142
42.25,-6.5,descending,273.37997
42.25,-6.25,descending,273.63498
42.25,-6.0,descending,273.82666
42.25,-5.75,descending,273.90857
42.25,-5.5,descending,274.73712
42.25,-5.25,descending,275.73398
42.25,-5.0,descending,276.27286
42.25,-4.75,descending,276.3943
42.25,-4.5,descending,276.4643
42.25,-4.25,descending,276.746
42.25,-4.0,descending,276.735
42.25,-3.75,descending,276.26248
42.25,-3.5,descending,275.768
42.25,-3.25,descending,275.81143
42.25,-3.0,descending,275.994
42.25,-2.75,descending,275.73123
42.25,-2.5,descending,275.44
42.25,-2.25,descending,275.6133
42.25,-2.0,descending,275.7214
42.25,-1.75,descending,275.65143
42.25,-1.5,descending,275.79248
42.25,-1.25,descending,276.55
42.25,-1.0,descending,277.70285
42.25,-0.75,descending,278.45856
42.25,-0.5,descending,279.02142
42.25,-0.25,descending,279.5043
42.25,-0.0,descending,267.92123
42.25,0.25,descending,279.56332
42.25,0.5,descending,279.5957
42.25,0.75,descending,279.56165
42.25,1.0,descending,279.69
42.25,1.25,descending,279.44998
42.25,1.5,descending,279.26498
42.25,1.75,descending,278.7143
42.25,2.0,descending,278.17572
42.25,2.25,descending,277.12143
42.25,2.5,descending,274.52713
42.25,2.75,descending,267.0525
42.25,3.0,descending,243.09427
42.25,3.25,descending,214.76285
42.25,3.5,descending,199.24889
42.25,3.75,descending,196.21124
42.25,4.0,descending,195.6789
42.25,4.25,descending,195.36111
42.25,4.5,descending,195.208
42.25,4.75,descending,194.80222
42.25,5.0,descending,194.147
42.25,5.25,descending,193.8925
42.25,5.5,descending,194.22223
42.25,5.75,descending,194.625
42.25,6.0,descending,194.75642
42.25,6.25,descending,194.57733
42.25,6.5,descending,194.3447
42.25,6.75,descending,194.0685
42.25,7.0,descending,193.73177
42.25,12.0,descending,250.6075
42.25,12.25,descending,258.52933
42.25,12.5,descending,266.7557
42.25,12.75,descending,272.9523
42.25,13.0,descending,275.69415
42.25,13.25,descending,276.2427
42.25,13.5,descending,275.70273
42.25,13.75,descending,274.32556
42.25,14.0,descending,271.745
42.25,14.25,descending,265.75668
42.25,14.5,descending,253.59776
42.25,14.75,descending,241.465
42.25,15.0,descending,228.76125
42.25,15.25,descending,219.78
42.25,15.5,descending,212.4
42.25,15.75,descending,207.38832
42.25,16.0,descending,209.99625
42.25,16.25,descending,205.40285
42.25,16.5,descending,198.48
42.25,16.75,descending,193.20332
42.25,17.0,descending,191.05165
42.25,17.25,descending,190.74834
42.25,17.5,descending,190.90332
42.25,17.75,descending,191.95999
42.25,18.0,descending,193.48334
42.25,18.25,descending,196.57857
42.25,18.5,descending,203.90857
42.25,18.75,descending,211.68666
42.25,19.0,descending,226.06624
42.25,19.25,descending,239.90201
42.25,19.5,descending,252.34856
42.25,19.75,descending,266.12143
42.25,20.0,descending,273.56857
42.25,20.25,descending,274.58167
42.25,20.5,descending,274.08398
42.25,20.75,descending,273.94714
42.25,21.0,descending,274.122
42.25,21.25,descending,274.535
42.25,21.5,descending,275.2757
42.25,21.75,descending,276.10333
42.25,22.0,descending,276.306
42.25,22.25,descending,275.70712
42.25,22.5,descending,275.056
42.25,22.75,descending,274.97833
42.25,23.0,descending,274.91855
42.25,23.25,descending,274.37427
42.25,23.5,descending,273.53
42.25,23.75,descending,273.4183
42.25,24.0,descending,273.28998
42.25,24.25,descending,273.276
42.25,24.5,descending,273.664
42.25,24.75,descending,273.888
42.25,25.0,descending,274.06427
42.25,25.25,descending,273.90143
42.25,25.5,descending,273.3657
42.25,25.75,descending,273.1633
42.25,26.0,descending,273.0379
42.25,26.25,descending,272.9559
42.25,26.5,descending,272.89096
42.25,26.75,descending,272.67526
42.25,27.0,descending,271.886
42.25,27.25,descending,268.66556
42.25,27.5,descending,260.87186
42.25,27.75,descending,240.46832
42.25,28.0,descending,218.95471
42.25,28.25,descending,200.9394
42.25,28.5,descending,191.86058
42.25,28.75,descending,188.34811
42.25,29.0,descending,186.76999
42.25,29.25,descending,186.1947
42.25,29.5,descending,185.81667
42.25,29.75,descending,185.56
42.25,30.0,descending,185.45473
42.25,30.25,descending,185.45
42.25,30.5,descending,185.4321
42.25,30.75,descending,185.51
42.25,31.0,descending,185.43454
42.25,31.25,descending,185.50363
42.25,31.5,descending,185.57333
42.25,31.75,descending,185.693
42.25,32.0,descending,186.66167
42.25,32.25,descending,188.55856
42.25,32.5,descending,191.53142
42.25,32.75,descending,199.48999
42.25,33.0,descending,203.81429
42.25,33.25,descending,208.17665
42.25,33.5,descending,217.44
42.25,33.75,descending,214.94
42.25,34.0,descending,213.37856
42.25,34.25,descending,211.32199
42.25,34.5,descending,215.27284
42.25,34.75,descending,215.42168
42.25,35.0,descending,212.11198
42.25,35.25,descending,204.90833
42.25,35.5,descending,197.12
42.25,35.75,descending,191.99428
42.25,36.0,descending,191.24834
42.25,36.25,descending,188.62999
42.25,36.5,descending,186.85875
42.25,36.75,descending,186.26666
42.25,37.0,descending,186.30249
42.25,37.25,descending,186.51332
42.25,37.5,descending,186.84875
42.25,37.75,descending,187.22333
42.25,38.0,descending,187.45749
42.5,-12.75,descending,190.8946
42.5,-12.5,descending,190.92444
42.5,-12.25,descending,190.91692
42.5,-12.0,descending,190.76846
42.5,-11.75,descending,190.39183
42.5,-11.5,descending,189.9475
42.5,-11.25,descending,189.56544
42.5,-11.0,descending,189.28363
42.5,-10.75,descending,188.9575
42.5,-10.5,descending,188.45546
42.5,-10.25,descending,187.95
42.5,-10.0,descending,187.59666
42.5,-9.75,descending,187.67778
42.5,-9.5,descending,189.30667
42.5,-9.25,descending,194.50874
42.5,-9.0,descending,206.7325
42.5,-8.75,descending,229.2825
42.5,-8.5,descending,252.97874
42.5,-8.25,descending,268.3714
42.5,-8.0,descending,272.3425
42.5,-7.75,descending,273.16666
42.5,-7.5,descending,273.50284
42.5,-7.25,descending,273.735
42.5,-7.0,descending,273.47858
42.5,-6.75,descending,272.95166
42.5,-6.5,descending,272.81857
42.5,-6.25,descending,273.01166
42.5,-6.0,descending,273.0475
42.5,-5.75,descending,272.99
42.5,-5.5,descending,273.33
42.5,-5.25,descending,274.31427
42.5,-5.0,descending,274.75858
42.5,-4.75,descending,275.31833
42.5,-4.5,descending,275.74167
42.5,-4.25,descending,276.14664
42.5,-4.0,descending,276.4725
42.5,-3.75,descending,276.47998
42.5,-3.5,descending,276.15332
42.5,-3.25,descending,275.99167
42.5,-3.0,descending,275.8675
42.5,-2.75,descending,275.482
42.5,-2.5,descending,275.37714
42.5,-2.25,descending,275.59164
42.5,-2.0,descending,275.82498
42.5,-1.75,descending,275.87
42.5,-1.5,descending,275.99286
42.5,-1.25,descending,276.54333
42.5,-1.0,descending,277.668
42.5,-0.75,descending,278.07166
42.5,-0.5,descending,278.1957
42.5,-0.25,descending,278.1
42.5,-0.0,descending,266.2125
42.5,0.25,descending,277.56833
42.5,0.5,descending,277.38998
42.5,0.75,descending,277.33667
42.5,1.0,descending,277.38123
42.5,1.25,descending,276.89334
42.5,1.5,descending,276.54623
42.5,1.75,descending,275.87143
42.5,2.0,descending,276.53143
42.5,2.25,descending,277.17142
42.5,2.5,descending,277.2175
42.5,2.75,descending,268.82498
42.5,3.0,descending,242.57874
42.5,3.25,descending,211.9975
42.5,3.5,descending,199.10666
42.5,3.75,descending,196.94
42.5,4.0,descending,196.56749
42.5,4.25,descending,196.28667
42.5,4.5,descending,196.006
42.5,4.75,descending,195.43666
42.5,5.0,descending,194.475
42.5,5.25,descending,193.84444
42.5,5.5,descending,193.82832
42.5,5.75,descending,193.96454
42.5,6.0,descending,193.92921
42.5,6.25,descending,193.67142
42.5,6.5,descending,193.31705
42.5,6.75,descending,192.93105
42.5,7.0,descending,192.62999
42.5,7.25,descending,192.3425
42.5,12.0,descending,268.38293
42.5,12.25,descending,271.72
42.5,12.5,descending,275.36356
42.5,12.75,descending,277.41077
42.5,13.0,descending,277.52
42.5,13.25,descending,276.5718
42.5,13.5,descending,274.74817
42.5,13.75,descending,270.879
42.5,14.0,descending,263.20273
42.5,14.25,descending,248.69499
42.5,14.5,descending,234.44875
42.5,14.75,descending,220.28
42.5,15.0,descending,209.47556
42.5,15.25,descending,201.71443
42.5,15.5,descending,197.24554
42.5,15.75,descending,195.75856
42.5,16.0,descending,195.03874
42.5,16.25,descending,193.9475
42.5,16.5,descending,193.74124
42.5,16.75,descending,192.52998
42.5,17.0,descending,192.09
42.5,17.25,descending,192.81624
42.5,17.5,descending,194.6175
42.5,17.75,descending,197.52333
42.5,18.0,descending,202.80624
42.5,18.25,descending,211.86665
42.5,18.5,descending,220.40666
42.5,18.75,descending,233.78
42.5,19.0,descending,246.81667
42.5,19.25,descending,254.71858
42.5,19.5,descending,264.39426
42.5,19.75,descending,270.51834
42.5,20.0,descending,273.995
42.5,20.25,descending,274.81665
42.5,20.5,descending,274.7725
42.5,20.75,descending,274.75668
42.5,21.0,descending,274.4814
42.5,21.25,descending,274.4471
42.5,21.5,descending,274.77832
42.5,21.75,descending,275.23285
42.5,22.0,descending,275.4783
42.5,22.25,descending,274.5483
42.5,22.5,descending,274.00125
42.5,22.75,descending,274.09
42.5,23.0,descending,273.88998
42.5,23.25,descending,273.11142
42.5,23.5,descending,272.54715
42.5,23.75,descending,272.985
42.5,24.0,descending,273.4
42.5,24.25,descending,273.535
42.5,24.5,descending,273.70142
42.5,24.75,descending,273.84857
42.5,25.0,descending,273.9357
42.5,25.25,descending,273.70285
42.5,25.5,descending,273.2757
42.5,25.75,descending,273.20273
42.5,26.0,descending,273.2348
42.5,26.25,descending,272.9962
42.5,26.5,descending,272.80045
42.5,26.75,descending,272.474
42.5,27.0,descending,270.88568
42.5,27.25,descending,265.45688
42.5,27.5,descending,251.96902
42.5,27.75,descending,228.88187
42.5,28.0,descending,206.90579
42.5,28.25,descending,196.12811
42.5,28.5,descending,190.37666
42.5,28.75,descending,187.74388
42.5,29.0,descending,186.9
42.5,29.25,descending,186.52625
42.5,29.5,descending,186.185
42.5,29.75,descending,185.89946
42.5,30.0,descending,185.73563
42.5,30.25,descending,185.68948
42.5,30.5,descending,185.7
42.5,30.75,descending,185.78
42.5,31.0,descending,185.92271
42.5,31.25,descending,186.05116
42.5,31.5,descending,186.02177
42.5,31.75,descending,186.00233
42.5,32.0,descending,186.15887
42.5,32.25,descending,186.30856
42.5,32.5,descending,186.835
42.5,32.75,descending,187.83286
42.5,33.0,descending,188.93834
42.5,33.25,descending,191.60333
42.5,33.5,descending,194.09125
42.5,33.75,descending,193.46571
42.5,34.0,descending,194.29834
42.5,34.25,descending,194.44998
42.5,34.5,descending,193.21428
42.5,34.75,descending,194.49666
42.5,35.0,descending,196.18141
42.5,35.25,descending,192.39333
42.5,35.5,descending,188.88625
42.5,35.75,descending,187.31999
42.5,36.0,descending,187.28142
42.5,36.25,descending,186.76666
42.5,36.5,descending,186.37572
42.5,36.75,descending,186.31857
42.5,37.0,descending,186.36284
42.5,37.25,descending,186.65201
42.5,37.5,descending,186.89998
42.5,37.75,descending,187.04713
42.5,38.0,descending,187.20499
42.75,-12.75,descending,190.83363
42.75,-12.5,descending,190.78705
42.75,-12.25,descending,190.78665
42.75,-12.0,descending,190.68143
42.75,-11.75,descending,190.38167
42.75,-11.5,descending,189.84454
42.75,-11.25,descending,189.32889
42.75,-11.0,descending,188.96599
42.75,-10.75,descending,188.74777
42.75,-10.5,descending,188.486
42.75,-10.25,descending,188.1525
42.75,-10.0,descending,187.98125
42.75,-9.75,descending,188.79625
42.75,-9.5,descending,192.90875
42.75,-9.25,descending,203.75749
42.75,-9.0,descending,220.10857
42.75,-8.75,descending,238.18875
42.75,-8.5,descending,256.48712
42.75,-8.25,descending,266.9325
42.75,-8.0,descending,271.84665
42.75,-7.75,descending,272.75623
42.75,-7.5,descending,273.2557
42.75,-7.25,descending,273.77124
42.75,-7.0,descending,273.74
42.75,-6.75,descending,273.18
42.75,-6.5,descending,272.57144
42.75,-6.25,descending,272.32858
42.75,-6.0,descending,272.27664
42.75,-5.75,descending,272.42834
42.75,-5.5,descending,272.65427
42.75,-5.25,descending,272.9957
42.75,-5.0,descending,273.366
42.75,-4.75,descending,273.852
42.75,-4.5,descending,274.37
42.75,-4.25,descending,274.99332
42.75,-4.0,descending,275.714
42.75,-3.75,descending,276.40665
42.75,-3.5,descending,276.6257
42.75,-3.25,descending,276.6033
42.75,-3.0,descending,276.125
42.75,-2.75,descending,275.4283
42.75,-2.5,descending,275.10284
42.75,-2.25,descending,275.3643
42.75,-2.0,descending,275.72
42.75,-1.75,descending,275.748
42.75,-1.5,descending,275.82
42.75,-1.25,descending,275.9883
42.75,-1.0,descending,276.45428
42.75,-0.75,descending,276.642
42.75,-0.5,descending,276.00998
42.75,-0.25,descending,275.216
42.75,-0.0,descending,245.63332
42.75,0.25,descending,274.71832
42.75,0.5,descending,274.48428
42.75,0.75,descending,274.46573
42.75,1.0,descending,274.32858
42.75,1.25,descending,274.20334
42.75,1.5,descending,274.04572
42.75,1.75,descending,273.94333
42.75,2.0,descending,275.005
42.75,2.25,descending,276.54572
42.75,2.5,descending,276.49286
42.75,2.75,descending,265.25858
42.75,3.0,descending,237.57857
42.75,3.25,descending,208.62375
42.75,3.5,descending,199.15001
42.75,3.75,descending,197.4375
42.75,4.0,descending,196.72223
42.75,4.25,descending,196.20999
42.75,4.5,descending,195.89125
42.75,4.75,descending,195.472
42.75,5.0,descending,194.71799
42.75,5.25,descending,194.399
42.75,5.5,descending,194.67749
42.75,5.75,descending,195.672
42.75,6.0,descending,195.63249
42.75,6.25,descending,195.49928
42.75,6.5,descending,194.52538
42.75,6.75,descending,193.12563
42.75,7.0,descending,192.3265
42.75,7.25,descending,192.20055
42.75,12.0,descending,274.96536
42.75,12.25,descending,276.07764
42.75,12.5,descending,277.75598
42.75,12.75,descending,278.64667
42.75,13.0,descending,278.47083
42.75,13.25,descending,277.07544
42.75,13.5,descending,273.5318
42.75,13.75,descending,264.7078
42.75,14.0,descending,249.33101
42.75,14.25,descending,231.5925
42.75,14.5,descending,217.28333
42.75,14.75,descending,204.23125
42.75,15.0,descending,197.55556
42.75,15.25,descending,194.01428
42.75,15.5,descending,192.4343
42.75,15.75,descending,192.18666
42.75,16.0,descending,192.21124
42.75,16.25,descending,192.62666
42.75,16.5,descending,194.01
42.75,16.75,descending,195.745
42.75,17.0,descending,198.51166
42.75,17.25,descending,200.26666
42.75,17.5,descending,206.35664
42.75,17.75,descending,212.28
42.75,18.0,descending,224.835
42.75,18.25,descending,233.31999
42.75,18.5,descending,245.96875
42.75,18.75,descending,256.215
42.75,19.0,descending,262.97284
42.75,19.25,descending,268.83167
42.75,19.5,descending,271.44666
42.75,19.75,descending,272.268
42.75,20.0,descending,273.88498
42.75,20.25,descending,274.62167
42.75,20.5,descending,274.82797
42.75,20.75,descending,274.924
42.75,21.0,descending,274.5875
42.75,21.25,descending,274.248
42.75,21.5,descending,274.4057
42.75,21.75,descending,274.7375
42.75,22.0,descending,274.6275
42.75,22.25,descending,273.785
42.75,22.5,descending,273.32333
42.75,22.75,descending,273.41998
42.75,23.0,descending,273.21167
42.75,23.25,descending,272.636
42.75,23.5,descending,272.55856
42.75,23.75,descending,272.99857
42.75,24.0,descending,273.45428
42.75,24.25,descending,273.66287
42.75,24.5,descending,273.78998
42.75,24.75,descending,273.755
42.75,25.0,descending,273.54715
42.75,25.25,descending,273.31427
42.75,25.5,descending,273.13715
42.75,25.75,descending,273.09714
42.75,26.0,descending,273.50577
42.75,26.25,descending,273.30573
42.75,26.5,descending,273.12857
42.75,26.75,descending,272.8422
42.75,27.0,descending,271.98413
42.75,27.25,descending,267.32056
42.75,27.5,descending,253.21352
42.75,27.75,descending,230.17
42.75,28.0,descending,209.13124
42.75,28.25,descending,194.88
42.75,28.5,descending,189.43117
42.75,28.75,descending,187.77666
42.75,29.0,descending,187.25528
42.75,29.25,descending,186.97888
42.75,29.5,descending,186.6675
42.75,29.75,descending,186.415
42.75,30.0,descending,186.22278
42.75,30.25,descending,186.05687
42.75,30.5,descending,186.1205
42.75,30.75,descending,186.23685
42.75,31.0,descending,186.47157
42.75,31.25,descending,186.694
42.75,31.5,descending,186.7678
42.75,31.75,descending,186.76332
42.75,32.0,descending,186.81348
42.75,32.25,descending,186.79999
42.75,32.5,descending,186.86427
42.75,32.75,descending,186.97714
42.75,33.0,descending,187.14333
42.75,33.25,descending,187.29428
42.75,33.5,descending,187.46501
42.75,33.75,descending,187.896
42.75,34.0,descending,187.88857
42.75,34.25,descending,187.66167
42.75,34.5,descending,187.57857
42.75,34.75,descending,187.76833
42.75,35.0,descending,188.01833
42.75,35.25,descending,187.83286
42.75,35.5,descending,187.065
42.75,35.75,descending,186.85832
42.75,36.0,descending,186.89
42.75,36.25,descending,186.86856
42.75,36.5,descending,186.94
42.75,36.75,descending,187.04167
42.75,37.0,descending,187.05142
42.75,37.25,descending,187.16713
42.75,37.5,descending,187.205
42.75,37.75,descending,187.155
42.75,38.0,descending,187.125
43.0,-12.75,descending,190.56375
43.0,-12.5,descending,190.53882
43.0,-12.25,descending,190.46466
43.0,-12.0,descending,190.3243
43.0,-11.75,descending,190.09538
43.0,-11.5,descending,189.73907
43.0,-11.25,descending,189.25415
43.0,-11.0,descending,188.899
43.0,-10.75,descending,188.694
43.0,-10.5,descending,188.50624
43.0,-10.25,descending,188.20999
43.0,-10.0,descending,188.02777
43.0,-9.75,descending,189.17125
43.0,-9.5,descending,194.71889
43.0,-9.25,descending,208.2825
43.0,-9.0,descending,229.80124
43.0,-8.75,descending,249.16428
43.0,-8.5,descending,260.88498
43.0,-8.25,descending,268.38284
43.0,-8.0,descending,271.39557
43.0,-7.75,descending,272.506
43.0,-7.5,descending,273.13
43.0,-7.25,descending,273.82166
43.0,-7.0,descending,274.145
43.0,-6.75,descending,273.64142
43.0,-6.5,descending,272.62332
43.0,-6.25,descending,271.76663
43.0,-6.0,descending,271.3057
43.0,-5.75,descending,271.44284
43.0,-5.5,descending,271.6443
43.0,-5.25,descending,271.55167
43.0,-5.0,descending,271.68427
43.0,-4.75,descending,271.53714
43.0,-4.5,descending,271.72714
43.0,-4.25,descending,272.50333
43.0,-4.0,descending,273.61
43.0,-3.75,descending,274.97165
43.0,-3.5,descending,275.1443
43.0,-3.25,descending,275.23666
43.0,-3.0,descending,275.34164
43.0,-2.75,descending,273.5757
43.0,-2.5,descending,272.7283
43.0,-2.25,descending,272.025
43.0,-2.0,descending,273.6257
43.0,-1.75,descending,274.35666
43.0,-1.5,descending,274.56833
43.0,-1.25,descending,274.62714
43.0,-1.0,descending,274.8043
43.0,-0.75,descending,274.38666
43.0,-0.5,descending,273.46124
43.0,-0.25,descending,272.99667
43.0,-0.0,descending,262.20624
43.0,0.25,descending,273.0
43.0,0.5,descending,273.32715
43.0,0.75,descending,273.35428
43.0,1.0,descending,273.47284
43.0,1.25,descending,273.79
43.0,1.5,descending,273.8211
43.0,1.75,descending,274.4
43.0,2.0,descending,275.62442
43.0,2.25,descending,276.715
43.0,2.5,descending,275.7489
43.0,2.75,descending,262.66998
43.0,3.0,descending,234.965
43.0,3.25,descending,211.78624
43.0,3.5,descending,202.26555
43.0,3.75,descending,198.87856
43.0,4.0,descending,197.41779
43.0,4.25,descending,196.74374
43.0,4.5,descending,196.638
43.0,4.75,descending,196.60857
43.0,5.0,descending,197.80092
43.0,5.25,descending,199.37888
43.0,5.5,descending,204.145
43.0,5.75,descending,210.205
43.0,6.0,descending,211.19154
43.0,6.25,descending,209.96768
43.0,6.5,descending,204.164
43.0,6.75,descending,197.8675
43.0,7.0,descending,194.14735
43.0,7.25,descending,192.59044
43.0,7.5,descending,192.39856
43.0,12.0,descending,277.426
43.0,12.25,descending,277.90442
43.0,12.5,descending,278.82642
43.0,12.75,descending,279.3607
43.0,13.0,descending,279.1075
43.0,13.25,descending,277.16818
43.0,13.5,descending,270.9258
43.0,13.75,descending,258.758
43.0,14.0,descending,239.91556
43.0,14.25,descending,220.7
43.0,14.5,descending,204.43
43.0,14.75,descending,195.98375
43.0,15.0,descending,192.51776
43.0,15.25,descending,191.25223
43.0,15.5,descending,191.09
43.0,15.75,descending,191.77428
43.0,16.0,descending,193.61499
43.0,16.25,descending,196.03624
43.0,16.5,descending,199.01999
43.0,16.75,descending,204.78285
43.0,17.0,descending,210.14714
43.0,17.25,descending,218.59749
43.0,17.5,descending,226.09874
43.0,17.75,descending,239.29713
43.0,18.0,descending,246.65999
43.0,18.25,descending,256.11713
43.0,18.5,descending,262.57834
43.0,18.75,descending,266.96667
43.0,19.0,descending,270.72427
43.0,19.25,descending,272.97665
43.0,19.5,descending,273.92142
43.0,19.75,descending,274.12
43.0,20.0,descending,274.10858
43.0,20.25,descending,274.25168
43.0,20.5,descending,274.51285
43.0,20.75,descending,274.75287
43.0,21.0,descending,274.6033
43.0,21.25,descending,274.315
43.0,21.5,descending,274.435
43.0,21.75,descending,274.62
43.0,22.0,descending,274.51
43.0,22.25,descending,273.97284
43.0,22.5,descending,273.432
43.0,22.75,descending,273.41144
43.0,23.0,descending,273.24286
43.0,23.25,descending,273.0657
43.0,23.5,descending,273.2825
43.0,23.75,descending,273.82
43.0,24.0,descending,273.9457
43.0,24.25,descending,273.88998
43.0,24.5,descending,273.90857
43.0,24.75,descending,273.7383
43.0,25.0,descending,273.38873
43.0,25.25,descending,273.285
43.0,25.5,descending,273.2757
43.0,25.75,descending,273.18713
43.0,26.0,descending,274.0108
43.0,26.25,descending,273.74304
43.0,26.5,descending,273.36044
43.0,26.75,descending,272.99948
43.0,27.0,descending,272.45334
43.0,27.25,descending,270.09277
43.0,27.5,descending,262.09894
43.0,27.75,descending,244.51527
43.0,28.0,descending,217.71277
43.0,28.25,descending,199.2925
43.0,28.5,descending,191.35632
43.0,28.75,descending,188.3961
43.0,29.0,descending,187.67874
43.0,29.25,descending,187.49124
43.0,29.5,descending,187.26
43.0,29.75,descending,186.97937
43.0,30.0,descending,186.67555
43.0,30.25,descending,186.55157
43.0,30.5,descending,186.53166
43.0,30.75,descending,186.67801
43.0,31.0,descending,186.85683
43.0,31.25,descending,187.03047
43.0,31.5,descending,187.21959
43.0,31.75,descending,187.27345
43.0,32.0,descending,187.25871
43.0,32.25,descending,187.30092
43.0,32.5,descending,187.375
43.0,32.75,descending,187.26999
43.0,33.0,descending,187.17374
43.0,33.25,descending,187.14166
43.0,33.5,descending,187.09666
43.0,33.75,descending,187.07999
43.0,34.0,descending,187.08
43.0,34.25,descending,187.032
43.0,34.5,descending,187.04
43.0,34.75,descending,187.00334
43.0,35.0,descending,186.94429
43.0,35.25,descending,186.93333
43.0,35.5,descending,186.872
43.0,35.75,descending,186.83714
43.0,36.0,descending,187.04141
43.0,36.25,descending,187.33667
43.0,36.5,descending,187.40332
43.0,36.75,descending,187.5
43.0,37.0,descending,187.66
43.0,37.25,descending,187.62
43.0,37.5,descending,187.46571
43.0,37.75,descending,187.31429
43.0,38.0,descending,187.23999
43.25,-12.75,descending,190.1425
43.25,-12.5,descending,190.02473
43.25,-12.25,descending,189.90599
43.25,-12.0,descending,189.74615
43.25,-11.75,descending,189.5175
43.25,-11.5,descending,189.305
43.25,-11.25,descending,188.988
43.25,-11.0,descending,188.795
43.25,-10.75,descending,188.68666
43.25,-10.5,descending,188.56499
43.25,-10.25,descending,188.31125
43.25,-10.0,descending,188.00777
43.25,-9.75,descending,188.15875
43.25,-9.5,descending,191.17
43.25,-9.25,descending,201.59999
43.25,-9.0,descending,220.61111
43.25,-8.75,descending,242.51
43.25,-8.5,descending,257.77426
43.25,-8.25,descending,264.635
43.25,-8.0,descending,269.59164
43.25,-7.75,descending,271.23373
43.25,-7.5,descending,271.49713
43.25,-7.25,descending,272.08334
43.25,-7.0,descending,272.05716
43.25,-6.75,descending,272.218
43.25,-6.5,descending,271.4875
43.25,-6.25,descending,270.43332
43.25,-6.0,descending,269.66855
43.25,-5.75,descending,268.82834
43.25,-5.5,descending,268.19666
43.25,-5.25,descending,266.30667
43.25,-5.0,descending,264.57
43.25,-4.75,descending,262.898
43.25,-4.5,descending,264.078
43.25,-4.25,descending,264.83
43.25,-4.0,descending,266.31833
43.25,-3.75,descending,268.06
43.25,-3.5,descending,267.51334
43.25,-3.25,descending,267.538
43.25,-3.0,descending,266.3814
43.25,-2.75,descending,264.852
43.25,-2.5,descending,260.4857
43.25,-2.25,descending,261.25
43.25,-2.0,descending,260.8943
43.25,-1.75,descending,266.5114
43.25,-1.5,descending,271.185
43.25,-1.25,descending,273.668
43.25,-1.0,descending,273.7757
43.25,-0.75,descending,273.2257
43.25,-0.5,descending,272.49142
43.25,-0.25,descending,272.26334
43.25,-0.0,descending,261.97375
43.25,0.25,descending,273.47
43.25,0.5,descending,274.1857
43.25,0.75,descending,274.3
43.25,1.0,descending,274.56143
43.25,1.25,descending,275.03
43.25,1.5,descending,275.39856
43.25,1.75,descending,276.30002
43.25,2.0,descending,277.05
43.25,2.25,descending,277.4943
43.25,2.5,descending,276.3475
43.25,2.75,descending,266.57333
43.25,3.0,descending,246.34999
43.25,3.25,descending,228.30429
43.25,3.5,descending,213.86287
43.25,3.75,descending,206.555
43.25,4.0,descending,202.42142
43.25,4.25,descending,202.21375
43.25,4.5,descending,203.70111
43.25,4.75,descending,207.00899
43.25,5.0,descending,211.02374
43.25,5.25,descending,219.85889
43.25,5.5,descending,235.45898
43.25,5.75,descending,244.09816
43.25,6.0,descending,241.172
43.25,6.25,descending,238.45416
43.25,6.5,descending,225.20667
43.25,6.75,descending,210.43428
43.25,7.0,descending,200.75749
43.25,7.25,descending,196.19737
43.25,7.5,descending,194.87445
43.25,12.0,descending,277.44498
43.25,12.25,descending,277.56937
43.25,12.5,descending,278.15375
43.25,12.75,descending,279.18616
43.25,13.0,descending,279.03635
43.25,13.25,descending,275.845
43.25,13.5,descending,267.93777
43.25,13.75,descending,251.43907
43.25,14.0,descending,231.29666
43.25,14.25,descending,212.45999
43.25,14.5,descending,199.37888
43.25,14.75,descending,193.31876
43.25,15.0,descending,190.91713
43.25,15.25,descending,190.34749
43.25,15.5,descending,191.08
43.25,15.75,descending,193.00874
43.25,16.0,descending,196.58167
43.25,16.25,descending,202.72249
43.25,16.5,descending,210.57375
43.25,16.75,descending,217.94334
43.25,17.0,descending,226.935
43.25,17.25,descending,237.04399
43.25,17.5,descending,247.56999
43.25,17.75,descending,257.40997
43.25,18.0,descending,263.63858
43.25,18.25,descending,268.93
43.25,18.5,descending,270.70285
43.25,18.75,descending,272.75
43.25,19.0,descending,273.82166
43.25,19.25,descending,274.40833
43.25,19.5,descending,274.77856
43.25,19.75,descending,274.56
43.25,20.0,descending,274.18198
43.25,20.25,descending,274.20285
43.25,20.5,descending,274.5914
43.25,20.75,descending,274.918
43.25,21.0,descending,274.92334
43.25,21.25,descending,274.7383
43.25,21.5,descending,274.72714
43.25,21.75,descending,274.68832
43.25,22.0,descending,274.654
43.25,22.25,descending,274.516
43.25,22.5,descending,274.01874
43.25,22.75,descending,273.788
43.25,23.0,descending,273.64166
43.25,23.25,descending,273.77
43.25,23.5,descending,274.12997
43.25,23.75,descending,274.64398
43.25,24.0,descending,274.486
43.25,24.25,descending,274.07144
43.25,24.5,descending,273.95856
43.25,24.75,descending,273.62286
43.25,25.0,descending,273.06857
43.25,25.25,descending,272.975
43.25,25.5,descending,273.06665
43.25,25.75,descending,273.05002
43.25,26.0,descending,273.87573
43.25,26.25,descending,273.78738
43.25,26.5,descending,273.3814
43.25,26.75,descending,273.01367
43.25,27.0,descending,272.8578
43.25,27.25,descending,271.79776
43.25,27.5,descending,267.99188
43.25,27.75,descending,253.77875
43.25,28.0,descending,231.48314
43.25,28.25,descending,211.00333
43.25,28.5,descending,198.05176
43.25,28.75,descending,190.84532
43.25,29.0,descending,188.33499
43.25,29.25,descending,187.85687
43.25,29.5,descending,187.7541
43.25,29.75,descending,187.59647
43.25,30.0,descending,187.28667
43.25,30.25,descending,187.09375
43.25,30.5,descending,187.095
43.25,30.75,descending,187.17934
43.25,31.0,descending,187.18904
43.25,31.25,descending,187.32947
43.25,31.5,descending,187.324
43.25,31.75,descending,187.33044
43.25,32.0,descending,187.27296
43.25,32.25,descending,187.23634
43.25,32.5,descending,187.61833
43.25,32.75,descending,187.52856
43.25,33.0,descending,187.42142
43.25,33.25,descending,187.335
43.25,33.5,descending,187.385
43.25,33.75,descending,187.47833
43.25,34.0,descending,187.50713
43.25,34.25,descending,187.44856
43.25,34.5,descending,187.44858
43.25,34.75,descending,187.34167
43.25,35.0,descending,187.09499
43.25,35.25,descending,186.956
43.25,35.5,descending,186.89249
43.25,35.75,descending,186.91399
43.25,36.0,descending,187.13857
43.25,36.25,descending,187.45
43.25,36.5,descending,187.65
43.25,36.75,descending,187.76143
43.25,37.0,descending,187.926
43.25,37.25,descending,187.82332
43.25,37.5,descending,187.56999
43.25,37.75,descending,187.45
43.25,38.0,descending,187.34799
43.5,-12.5,descending,189.44948
43.5,-12.25,descending,189.40201
43.5,-12.0,descending,189.32571
43.5,-11.75,descending,189.23334
43.5,-11.5,descending,189.0625
43.5,-11.25,descending,188.80635
43.5,-11.0,descending,188.53636
43.5,-10.75,descending,188.36699
43.5,-10.5,descending,188.22636
43.5,-10.25,descending,188.1025
43.5,-10.0,descending,187.89888
43.5,-9.75,descending,187.71443
43.5,-9.5,descending,187.87375
43.5,-9.25,descending,190.4
43.5,-9.0,descending,199.4357
43.5,-8.75,descending,212.3425
43.5,-8.5,descending,224.72874
43.5,-8.25,descending,246.25858
43.5,-8.0,descending,257.40875
43.5,-7.75,descending,263.30856
43.5,-7.5,descending,262.22714
43.5,-7.25,descending,258.57498
43.5,-7.0,descending,258.78
43.5,-6.75,descending,257.5
43.5,-6.5,descending,255.69429
43.5,-6.25,descending,260.5833
43.5,-6.0,descending,257.28427
43.5,-5.75,descending,257.08167
43.5,-5.5,descending,254.35715
43.5,-5.25,descending,249.68999
43.5,-5.0,descending,245.11665
43.5,-4.75,descending,242.92332
43.5,-4.5,descending,240.63124
43.5,-4.25,descending,239.79999
43.5,-4.0,descending,244.00835
43.5,-3.75,descending,248.89713
43.5,-3.5,descending,245.35333
43.5,-3.25,descending,244.22855
43.5,-3.0,descending,238.5557
43.5,-2.75,descending,243.43834
43.5,-2.5,descending,237.03499
43.5,-2.25,descending,234.585
43.5,-2.0,descending,235.82666
43.5,-1.75,descending,243.66713
43.5,-1.5,descending,261.93668
43.5,-1.25,descending,271.185
43.5,-1.0,descending,273.53
43.5,-0.75,descending,273.42856
43.5,-0.5,descending,272.91
43.5,-0.25,descending,272.74
43.5,-0.0,descending,254.23999
43.5,0.25,descending,274.41
43.5,0.5,descending,275.09
43.5,0.75,descending,275.37857
43.5,1.0,descending,275.50998
43.5,1.25,descending,275.74
43.5,1.5,descending,276.63998
43.5,1.75,descending,277.595
43.5,2.0,descending,277.905
43.5,2.25,descending,277.78
43.5,2.5,descending,276.89713
43.5,2.75,descending,272.23285
43.5,3.0,descending,262.00446
43.5,3.25,descending,249.89333
43.5,3.5,descending,238.76001
43.5,3.75,descending,226.28499
43.5,4.0,descending,220.64888
43.5,4.25,descending,222.86
43.5,4.5,descending,226.62776
43.5,4.75,descending,230.71855
43.5,5.0,descending,240.91
43.5,5.25,descending,250.89557
43.5,5.5,descending,265.2078
43.5,5.75,descending,268.59442
43.5,6.0,descending,266.633
43.5,6.25,descending,261.69247
43.5,6.5,descending,248.02309
43.5,6.75,descending,230.01933
43.5,7.0,descending,216.3125
43.5,7.25,descending,207.1947
43.5,7.5,descending,202.59879
43.5,7.75,descending,203.95714
43.5,12.0,descending,278.84998
43.5,12.25,descending,278.80722
43.5,12.5,descending,278.61124
43.5,12.75,descending,277.9707
43.5,13.0,descending,275.79614
43.5,13.25,descending,268.95728
43.5,13.5,descending,257.33084
43.5,13.75,descending,240.70898
43.5,14.0,descending,221.07635
43.5,14.25,descending,205.42874
43.5,14.5,descending,196.34111
43.5,14.75,descending,191.86888
43.5,15.0,descending,190.553
43.5,15.25,descending,191.35143
43.5,15.5,descending,194.1575
43.5,15.75,descending,200.4975
43.5,16.0,descending,209.33665
43.5,16.25,descending,216.40001
43.5,16.5,descending,227.31625
43.5,16.75,descending,236.34714
43.5,17.0,descending,246.79857
43.5,17.25,descending,253.41249
43.5,17.5,descending,262.56143
43.5,17.75,descending,267.93124
43.5,18.0,descending,272.06427
43.5,18.25,descending,272.96713
43.5,18.5,descending,273.69284
43.5,18.75,descending,274.26834
43.5,19.0,descending,274.8033
43.5,19.25,descending,275.16998
43.5,19.5,descending,275.245
43.5,19.75,descending,274.88333
43.5,20.0,descending,274.37143
43.5,20.25,descending,274.47
43.5,20.5,descending,274.88428
43.5,20.75,descending,275.18832
43.5,21.0,descending,275.23334
43.5,21.25,descending,275.12997
43.5,21.5,descending,275.05426
43.5,21.75,descending,274.83
43.5,22.0,descending,274.6743
43.5,22.25,descending,274.71
43.5,22.5,descending,274.52
43.5,22.75,descending,274.08286
43.5,23.0,descending,273.83002
43.5,23.25,descending,273.95856
43.5,23.5,descending,274.4814
43.5,23.75,descending,274.75858
43.5,24.0,descending,274.49332
43.5,24.25,descending,273.775
43.5,24.5,descending,273.442
43.5,24.75,descending,272.70285
43.5,25.0,descending,271.91287
43.5,25.25,descending,271.9475
43.5,25.5,descending,272.045
43.5,25.75,descending,271.99713
43.5,26.0,descending,273.3047
43.5,26.25,descending,273.63626
43.5,26.5,descending,273.58182
43.5,26.75,descending,273.47144
43.5,27.0,descending,273.35
43.5,27.25,descending,272.83334
43.5,27.5,descending,270.5621
43.5,27.75,descending,263.42764
43.5,28.0,descending,250.1235
43.5,28.25,descending,235.13687
43.5,28.5,descending,215.73778
43.5,28.75,descending,198.24187
43.5,29.0,descending,190.48277
43.5,29.25,descending,188.44
43.5,29.5,descending,188.03333
43.5,29.75,descending,187.88937
43.5,30.0,descending,187.76176
43.5,30.25,descending,187.6663
43.5,30.5,descending,187.72177
43.5,30.75,descending,187.61722
43.5,31.0,descending,187.49315
43.5,31.25,descending,187.2862
43.5,31.5,descending,187.16304
43.5,31.75,descending,187.07954
43.5,32.0,descending,186.98878
43.5,32.25,descending,186.892
43.5,32.5,descending,187.28693
43.5,32.75,descending,187.79
43.5,33.0,descending,187.71333
43.5,33.25,descending,187.72499
43.5,33.5,descending,187.8425
43.5,33.75,descending,187.98332
43.5,34.0,descending,188.01833
43.5,34.25,descending,188.02
43.5,34.5,descending,187.98665
43.5,34.75,descending,187.815
43.5,35.0,descending,187.42857
43.5,35.25,descending,187.11
43.5,35.5,descending,186.98665
43.5,35.75,descending,186.98999
43.5,36.0,descending,187.142
43.5,36.25,descending,187.41
43.5,36.5,descending,187.6
43.5,36.75,descending,187.72142
43.5,37.0,descending,187.94142
43.5,37.25,descending,187.946
43.5,37.5,descending,187.71333
43.5,37.75,descending,187.61714
43.5,38.0,descending,187.48999
43.75,-12.5,descending,189.37187
43.75,-12.25,descending,189.2847
43.75,-12.0,descending,189.28152
43.75,-11.75,descending,189.28693
43.75,-11.5,descending,189.205
43.75,-11.25,descending,188.9791
43.75,-11.0,descending,188.63998
43.75,-10.75,descending,188.19556
43.75,-10.5,descending,187.8275
43.75,-10.25,descending,187.61444
43.75,-10.0,descending,187.39777
43.75,-9.75,descending,187.3075
43.75,-9.5,descending,187.2775
43.75,-9.25,descending,187.35286
43.75,-9.0,descending,188.19249
43.75,-8.75,descending,191.10875
43.75,-8.5,descending,198.62666
43.75,-8.25,descending,209.93999
43.75,-8.0,descending,228.2357
43.75,-7.75,descending,240.87285
43.75,-7.5,descending,237.60715
43.75,-7.25,descending,232.75
43.75,-7.0,descending,229.67285
43.75,-6.75,descending,224.29333
43.75,-6.5,descending,227.36333
43.75,-6.25,descending,228.42714
43.75,-6.0,descending,229.90332
43.75,-5.75,descending,229.15857
43.75,-5.5,descending,224.50166
43.75,-5.25,descending,221.80666
43.75,-5.0,descending,219.73
43.75,-4.75,descending,213.62572
43.75,-4.5,descending,208.70332
43.75,-4.25,descending,211.576
43.75,-4.0,descending,215.29141
43.75,-3.75,descending,218.174
43.75,-3.5,descending,215.48283
43.75,-3.25,descending,211.80666
43.75,-3.0,descending,212.95401
43.75,-2.75,descending,212.4
43.75,-2.5,descending,211.45332
43.75,-2.25,descending,207.40332
43.75,-2.0,descending,209.85143
43.75,-1.75,descending,219.84999
43.75,-1.5,descending,243.87
43.75,-1.25,descending,266.1957
43.75,-1.0,descending,273.28857
43.75,-0.75,descending,273.76498
43.75,-0.5,descending,273.456
43.75,-0.25,descending,273.28427
43.75,-0.0,descending,262.7675
43.75,0.25,descending,274.18832
43.75,0.5,descending,274.61856
43.75,0.75,descending,274.9643
43.75,1.0,descending,274.875
43.75,1.25,descending,275.28833
43.75,1.5,descending,276.12
43.75,1.75,descending,277.14856
43.75,2.0,descending,277.435
43.75,2.25,descending,277.1743
43.75,2.5,descending,276.4757
43.75,2.75,descending,275.44427
43.75,3.0,descending,273.9114
43.75,3.25,descending,267.70285
43.75,3.5,descending,261.8643
43.75,3.75,descending,253.04
43.75,4.0,descending,250.79713
43.75,4.25,descending,251.1175
43.75,4.5,descending,254.48373
43.75,4.75,descending,259.6178
43.75,5.0,descending,266.39124
43.75,5.25,descending,273.7922
43.75,5.5,descending,277.0209
43.75,5.75,descending,278.063
43.75,6.0,descending,276.99
43.75,6.25,descending,273.2275
43.75,6.5,descending,264.88
43.75,6.75,descending,253.64667
43.75,7.0,descending,241.51999
43.75,7.25,descending,231.04646
43.75,7.5,descending,224.67801
43.75,7.75,descending,223.63899
43.75,12.25,descending,277.42554
43.75,12.5,descending,275.72067
43.75,12.75,descending,271.72928
43.75,13.0,descending,264.17307
43.75,13.25,descending,250.8691
43.75,13.5,descending,237.57199
43.75,13.75,descending,223.66599
43.75,14.0,descending,210.22
43.75,14.25,descending,200.31778
43.75,14.5,descending,194.14557
43.75,14.75,descending,192.5511
43.75,15.0,descending,194.03374
43.75,15.25,descending,198.19
43.75,15.5,descending,204.46286
43.75,15.75,descending,215.77428
43.75,16.0,descending,230.63857
43.75,16.25,descending,242.15666
43.75,16.5,descending,248.97166
43.75,16.75,descending,256.6275
43.75,17.0,descending,261.42285
43.75,17.25,descending,266.36832
43.75,17.5,descending,269.65833
43.75,17.75,descending,273.14426
43.75,18.0,descending,274.31
43.75,18.25,descending,274.5357
43.75,18.5,descending,274.48166
43.75,18.75,descending,274.66666
43.75,19.0,descending,275.1175
43.75,19.25,descending,275.49
43.75,19.5,descending,275.43997
43.75,19.75,descending,275.095
43.75,20.0,descending,274.6557
43.75,20.25,descending,274.55402
43.75,20.5,descending,274.86
43.75,20.75,descending,275.24832
43.75,21.0,descending,275.31714
43.75,21.25,descending,275.17
43.75,21.5,descending,275.09
43.75,21.75,descending,274.86166
43.75,22.0,descending,274.60165
43.75,22.25,descending,274.57498
43.75,22.5,descending,274.36398
43.75,22.75,descending,273.665
43.75,23.0,descending,273.42285
43.75,23.25,descending,273.478
43.75,23.5,descending,273.74832
43.75,23.75,descending,273.9471
43.75,24.0,descending,273.97714
43.75,24.25,descending,273.18167
43.75,24.5,descending,272.30856
43.75,24.75,descending,271.41202
43.75,25.0,descending,270.8525
43.75,25.25,descending,270.64713
43.75,25.5,descending,270.4243
43.75,25.75,descending,270.38333
43.75,26.0,descending,271.9692
43.75,26.25,descending,272.8896
43.75,26.5,descending,273.48798
43.75,26.75,descending,273.79236
43.75,27.0,descending,273.75632
43.75,27.25,descending,273.63055
43.75,27.5,descending,272.84058
43.75,27.75,descending,270.54776
43.75,28.0,descending,264.89764
43.75,28.25,descending,254.73187
43.75,28.5,descending,234.34438
43.75,28.75,descending,208.11812
43.75,29.0,descending,195.15999
43.75,29.25,descending,189.73067
43.75,29.5,descending,188.42058
43.75,29.75,descending,188.03812
43.75,30.0,descending,187.85124
43.75,30.25,descending,188.10437
43.75,30.5,descending,188.064
43.75,30.75,descending,188.06389
43.75,31.0,descending,187.71057
43.75,31.25,descending,187.27388
43.75,31.5,descending,187.05894
43.75,31.75,descending,186.83458
43.75,32.0,descending,186.66292
43.75,32.25,descending,186.62654
43.75,32.5,descending,186.63911
43.75,32.75,descending,187.93834
43.75,33.0,descending,188.0657
43.75,33.25,descending,188.235
43.75,33.5,descending,188.33333
43.75,33.75,descending,188.386
43.75,34.0,descending,188.40857
43.75,34.25,descending,188.41833
43.75,34.5,descending,188.34166
43.75,34.75,descending,188.16599
43.75,35.0,descending,187.83667
43.75,35.25,descending,187.34166
43.75,35.5,descending,187.02333
43.75,35.75,descending,186.935
43.75,36.0,descending,187.05571
43.75,36.25,descending,187.29333
43.75,36.5,descending,187.51285
43.75,36.75,descending,187.67
43.75,37.0,descending,187.82666
43.75,37.25,descending,187.87
43.75,37.5,descending,187.755
43.75,37.75,descending,187.70401
43.75,38.0,descending,187.6575
44.0,-12.5,descending,189.52641
44.0,-12.25,descending,189.35875
44.0,-12.0,descending,189.24643
44.0,-11.75,descending,189.21999
44.0,-11.5,descending,189.23386
44.0,-11.25,descending,189.1609
44.0,-11.0,descending,188.903
44.0,-10.75,descending,188.48364
44.0,-10.5,descending,187.923
44.0,-10.25,descending,187.48
44.0,-10.0,descending,187.17
44.0,-9.75,descending,186.985
44.0,-9.5,descending,186.89667
44.0,-9.25,descending,186.83665
44.0,-9.0,descending,186.8575
44.0,-8.75,descending,187.0125
44.0,-8.5,descending,187.8875
44.0,-8.25,descending,191.52856
44.0,-8.0,descending,196.05374
44.0,-7.75,descending,207.21143
44.0,-7.5,descending,207.30429
44.0,-7.25,descending,207.79625
44.0,-7.0,descending,201.49571
44.0,-6.75,descending,200.55571
44.0,-6.5,descending,198.31999
44.0,-6.25,descending,199.81
44.0,-6.0,descending,201.49875
44.0,-5.75,descending,200.22499
44.0,-5.5,descending,201.44331
44.0,-5.25,descending,199.53285
44.0,-5.0,descending,197.59714
44.0,-4.75,descending,195.08333
44.0,-4.5,descending,194.69167
44.0,-4.25,descending,194.89998
44.0,-4.0,descending,194.88332
44.0,-3.75,descending,196.72571
44.0,-3.5,descending,195.795
44.0,-3.25,descending,196.168
44.0,-3.0,descending,195.13571
44.0,-2.75,descending,194.834
44.0,-2.5,descending,194.13875
44.0,-2.25,descending,194.88
44.0,-2.0,descending,194.81831
44.0,-1.75,descending,203.96855
44.0,-1.5,descending,225.634
44.0,-1.25,descending,256.70285
44.0,-1.0,descending,272.05
44.0,-0.75,descending,274.095
44.0,-0.5,descending,273.905
44.0,-0.25,descending,273.638
44.0,-0.0,descending,258.97165
44.0,0.25,descending,273.00998
44.0,0.5,descending,273.095
44.0,0.75,descending,273.478
44.0,1.0,descending,273.3
44.0,1.25,descending,273.7143
44.0,1.5,descending,274.56833
44.0,1.75,descending,275.60715
44.0,2.0,descending,276.18857
44.0,2.25,descending,276.21713
44.0,2.5,descending,275.81284
44.0,2.75,descending,276.185
44.0,3.0,descending,276.57858
44.0,3.25,descending,275.60498
44.0,3.5,descending,273.85748
44.0,3.75,descending,271.59714
44.0,4.0,descending,270.1311
44.0,4.25,descending,271.43143
44.0,4.5,descending,272.34555
44.0,4.75,descending,274.66623
44.0,5.0,descending,277.07098
44.0,5.25,descending,279.1725
44.0,5.5,descending,279.70667
44.0,5.75,descending,279.676
44.0,6.0,descending,279.04083
44.0,6.25,descending,276.913
44.0,6.5,descending,273.42386
44.0,6.75,descending,268.18832
44.0,7.0,descending,263.45786
44.0,7.25,descending,258.43533
44.0,7.5,descending,253.29948
44.0,7.75,descending,249.5635
44.0,8.0,descending,248.41
44.0,12.25,descending,270.1193
44.0,12.5,descending,263.49237
44.0,12.75,descending,253.55643
44.0,13.0,descending,240.9177
44.0,13.25,descending,227.85454
44.0,13.5,descending,215.9791
44.0,13.75,descending,205.95998
44.0,14.0,descending,199.60199
44.0,14.25,descending,195.14
44.0,14.5,descending,193.21666
44.0,14.75,descending,195.04375
44.0,15.0,descending,201.61777
44.0,15.25,descending,212.1311
44.0,15.5,descending,225.12999
44.0,15.75,descending,239.21666
44.0,16.0,descending,251.90999
44.0,16.25,descending,261.74832
44.0,16.5,descending,266.39557
44.0,16.75,descending,268.715
44.0,17.0,descending,270.74625
44.0,17.25,descending,271.44284
44.0,17.5,descending,273.02374
44.0,17.75,descending,274.17
44.0,18.0,descending,275.07855
44.0,18.25,descending,275.22598
44.0,18.5,descending,275.09857
44.0,18.75,descending,275.1014
44.0,19.0,descending,275.15
44.0,19.25,descending,275.415
44.0,19.5,descending,275.50427
44.0,19.75,descending,275.23285
44.0,20.0,descending,274.905
44.0,20.25,descending,274.68668
44.0,20.5,descending,274.70834
44.0,20.75,descending,274.85
44.0,21.0,descending,275.02664
44.0,21.25,descending,275.065
44.0,21.5,descending,274.96625
44.0,21.75,descending,274.57498
44.0,22.0,descending,274.40143
44.0,22.25,descending,274.215
44.0,22.5,descending,273.91428
44.0,22.75,descending,273.076
44.0,23.0,descending,272.78287
44.0,23.25,descending,273.19998
44.0,23.5,descending,273.362
44.0,23.75,descending,273.65
44.0,24.0,descending,273.77856
44.0,24.25,descending,272.78998
44.0,24.5,descending,271.31714
44.0,24.75,descending,270.91
44.0,25.0,descending,270.60715
44.0,25.25,descending,270.16428
44.0,25.5,descending,269.87714
44.0,25.75,descending,269.44165
44.0,26.0,descending,270.50916
44.0,26.25,descending,271.16415
44.0,26.5,descending,271.58435
44.0,26.75,descending,271.93555
44.0,27.0,descending,272.13397
44.0,27.25,descending,272.2142
44.0,27.5,descending,272.53387
44.0,27.75,descending,272.46222
44.0,28.0,descending,270.69888
44.0,28.25,descending,263.7153
44.0,28.5,descending,240.83882
44.0,28.75,descending,216.65332
44.0,29.0,descending,198.75874
44.0,29.25,descending,191.36249
44.0,29.5,descending,188.9994
44.0,29.75,descending,188.28687
44.0,30.0,descending,188.14294
44.0,30.25,descending,188.13646
44.0,30.5,descending,188.274
44.0,30.75,descending,188.03499
44.0,31.0,descending,187.94832
44.0,31.25,descending,187.43842
44.0,31.5,descending,187.1155
44.0,31.75,descending,186.77556
44.0,32.0,descending,186.72868
44.0,32.25,descending,186.51
44.0,32.5,descending,186.53218
44.0,32.75,descending,187.27751
44.0,33.0,descending,188.32832
44.0,33.25,descending,188.84332
44.0,33.5,descending,189.41142
44.0,33.75,descending,189.49284
44.0,34.0,descending,189.23665
44.0,34.25,descending,188.81831
44.0,34.5,descending,188.68001
44.0,34.75,descending,188.43857
44.0,35.0,descending,188.08142
44.0,35.25,descending,187.646
44.0,35.5,descending,187.1157
44.0,35.75,descending,186.854
44.0,36.0,descending,186.90141
44.0,36.25,descending,187.14
44.0,36.5,descending,187.41667
44.0,36.75,descending,187.58571
44.0,37.0,descending,187.62834
44.0,37.25,descending,187.60857
44.0,37.5,descending,187.5743
44.0,37.75,descending,187.73665
44.0,38.0,descending,188.12
44.25,-12.5,descending,189.834
44.25,-12.25,descending,189.595
44.25,-12.0,descending,189.29733
44.25,-11.75,descending,189.05539
44.25,-11.5,descending,188.95416
44.25,-11.25,descending,188.96274
44.25,-11.0,descending,188.84726
44.25,-10.75,descending,188.61624
44.25,-10.5,descending,188.246
44.25,-10.25,descending,187.83444
44.25,-10.0,descending,187.4525
44.25,-9.75,descending,187.20111
44.25,-9.5,descending,186.98874
44.25,-9.25,descending,186.77625
44.25,-9.0,descending,186.64856
44.25,-8.75,descending,186.66856
44.25,-8.5,descending,186.765
44.25,-8.25,descending,187.08499
44.25,-8.0,descending,188.09833
44.25,-7.75,descending,189.54713
44.25,-7.5,descending,191.69429
44.25,-7.25,descending,190.95
44.25,-7.0,descending,190.805
44.25,-6.75,descending,189.17285
44.25,-6.5,descending,189.13199
44.25,-6.25,descending,189.375
44.25,-6.0,descending,189.31
44.25,-5.75,descending,190.04668
44.25,-5.5,descending,189.88857
44.25,-5.25,descending,189.20166
44.25,-5.0,descending,189.12334
44.25,-4.75,descending,188.88599
44.25,-4.5,descending,188.93999
44.25,-4.25,descending,188.71143
44.25,-4.0,descending,188.77141
44.25,-3.75,descending,188.84
44.25,-3.5,descending,189.04199
44.25,-3.25,descending,188.81999
44.25,-3.0,descending,188.37666
44.25,-2.75,descending,188.56429
44.25,-2.5,descending,188.46799
44.25,-2.25,descending,188.87334
44.25,-2.0,descending,190.07832
44.25,-1.75,descending,194.10999
44.25,-1.5,descending,213.20285
44.25,-1.25,descending,247.202
44.25,-1.0,descending,270.29333
44.25,-0.75,descending,274.22
44.25,-0.5,descending,274.22427
44.25,-0.25,descending,273.81833
44.25,-0.0,descending,254.07889
44.25,0.25,descending,272.0575
44.25,0.5,descending,271.78998
44.25,0.75,descending,272.05
44.25,1.0,descending,272.05426
44.25,1.25,descending,272.53143
44.25,1.5,descending,273.37167
44.25,1.75,descending,274.21573
44.25,2.0,descending,274.91855
44.25,2.25,descending,275.23428
44.25,2.5,descending,274.93283
44.25,2.75,descending,275.472
44.25,3.0,descending,276.3
44.25,3.25,descending,277.05832
44.25,3.5,descending,277.4243
44.25,3.75,descending,277.47998
44.25,4.0,descending,277.63428
44.25,4.25,descending,278.04874
44.25,4.5,descending,277.8922
44.25,4.75,descending,278.2875
44.25,5.0,descending,279.3075
44.25,5.25,descending,279.67886
44.25,5.5,descending,279.59222
44.25,5.75,descending,279.44666
44.25,6.0,descending,278.5618
44.25,6.25,descending,276.527
44.25,6.5,descending,274.0508
44.25,6.75,descending,272.61298
44.25,7.0,descending,271.66333
44.25,7.25,descending,271.52426
44.25,7.5,descending,269.84198
44.25,7.75,descending,266.41
44.25,8.0,descending,262.67227
44.25,12.25,descending,254.77167
44.25,12.5,descending,244.19937
44.25,12.75,descending,229.99466
44.25,13.0,descending,217.7969
44.25,13.25,descending,207.97417
44.25,13.5,descending,200.81728
44.25,13.75,descending,196.16399
44.25,14.0,descending,193.91455
44.25,14.25,descending,192.76556
44.25,14.5,descending,193.61665
44.25,14.75,descending,198.33374
44.25,15.0,descending,209.28125
44.25,15.25,descending,225.44714
44.25,15.5,descending,242.13
44.25,15.75,descending,256.8257
44.25,16.0,descending,265.43
44.25,16.25,descending,270.23
44.25,16.5,descending,273.26498
44.25,16.75,descending,273.59125
44.25,17.0,descending,274.038
44.25,17.25,descending,274.31625
44.25,17.5,descending,274.652
44.25,17.75,descending,275.0575
44.25,18.0,descending,275.48428
44.25,18.25,descending,275.73856
44.25,18.5,descending,275.85498
44.25,18.75,descending,275.58197
44.25,19.0,descending,275.32
44.25,19.25,descending,275.42334
44.25,19.5,descending,275.54855
44.25,19.75,descending,275.36398
44.25,20.0,descending,275.09665
44.25,20.25,descending,274.90427
44.25,20.5,descending,274.71857
44.25,20.75,descending,274.47165
44.25,21.0,descending,274.58167
44.25,21.25,descending,274.75665
44.25,21.5,descending,274.75
44.25,21.75,descending,274.32666
44.25,22.0,descending,273.835
44.25,22.25,descending,273.724
44.25,22.5,descending,273.32834
44.25,22.75,descending,273.04715
44.25,23.0,descending,273.366
44.25,23.25,descending,274.0057
44.25,23.5,descending,273.92715
44.25,23.75,descending,274.0825
44.25,24.0,descending,273.90833
44.25,24.25,descending,272.70572
44.25,24.5,descending,271.44427
44.25,24.75,descending,271.3033
44.25,25.0,descending,271.1843
44.25,25.25,descending,270.71713
44.25,25.5,descending,270.38715
44.25,25.75,descending,269.65332
44.25,26.0,descending,269.3325
44.25,26.25,descending,270.6192
44.25,26.5,descending,270.35086
44.25,26.75,descending,269.83212
44.25,27.0,descending,269.55475
44.25,27.25,descending,269.74832
44.25,27.5,descending,270.22998
44.25,27.75,descending,271.16293
44.25,28.0,descending,271.23117
44.25,28.25,descending,264.95145
44.25,28.5,descending,245.96555
44.25,28.75,descending,221.42714
44.25,29.0,descending,201.62352
44.25,29.25,descending,192.9725
44.25,29.5,descending,189.76999
44.25,29.75,descending,188.72533
44.25,30.0,descending,188.38
44.25,30.25,descending,188.25874
44.25,30.5,descending,188.17
44.25,30.75,descending,188.25684
44.25,31.0,descending,187.82533
44.25,31.25,descending,187.67105
44.25,31.5,descending,187.46895
44.25,31.75,descending,187.33618
44.25,32.0,descending,187.1615
44.25,32.25,descending,186.99715
44.25,32.5,descending,186.91286
44.25,32.75,descending,186.96167
44.25,33.0,descending,189.03667
44.25,33.25,descending,191.24428
44.25,33.5,descending,195.34332
44.25,33.75,descending,196.68166
44.25,34.0,descending,194.27167
44.25,34.25,descending,192.125
44.25,34.5,descending,189.64857
44.25,34.75,descending,188.79199
44.25,35.0,descending,188.392
44.25,35.25,descending,187.9157
44.25,35.5,descending,187.34666
44.25,35.75,descending,186.88832
44.25,36.0,descending,186.77998
44.25,36.25,descending,186.96
44.25,36.5,descending,187.172
44.25,36.75,descending,187.33142
44.25,37.0,descending,187.48999
44.25,37.25,descending,187.82199
44.25,37.5,descending,188.78714
44.25,37.75,descending,189.73499
44.25,38.0,descending,191.0775
44.5,-12.5,descending,189.82999
44.5,-12.25,descending,189.71057
44.5,-12.0,descending,189.38875
44.5,-11.75,descending,189.01923
44.5,-11.5,descending,188.71582
44.5,-11.25,descending,188.56
44.5,-11.0,descending,188.48907
44.5,-10.75,descending,188.427
44.5,-10.5,descending,188.287
44.5,-10.25,descending,188.09125
44.5,-10.0,descending,187.78453
44.5,-9.75,descending,187.56874
44.5,-9.5,descending,187.35625
44.5,-9.25,descending,187.1614
44.5,-9.0,descending,186.99889
44.5,-8.75,descending,186.8575
44.5,-8.5,descending,186.82571
44.5,-8.25,descending,186.88284
44.5,-8.0,descending,187.0775
44.5,-7.75,descending,187.30165
44.5,-7.5,descending,187.27875
44.5,-7.25,descending,187.22714
44.5,-7.0,descending,186.755
44.5,-6.75,descending,186.61833
44.5,-6.5,descending,186.82857
44.5,-6.25,descending,187.05624
44.5,-6.0,descending,187.40001
44.5,-5.75,descending,187.47
44.5,-5.5,descending,187.45142
44.5,-5.25,descending,187.46
44.5,-5.0,descending,187.24165
44.5,-4.75,descending,187.27501
44.5,-4.5,descending,187.48714
44.5,-4.25,descending,187.52666
44.5,-4.0,descending,187.30199
44.5,-3.75,descending,187.22833
44.5,-3.5,descending,186.99875
44.5,-3.25,descending,186.72333
44.5,-3.0,descending,186.65428
44.5,-2.75,descending,186.505
44.5,-2.5,descending,186.74666
44.5,-2.25,descending,186.74428
44.5,-2.0,descending,187.50285
44.5,-1.75,descending,190.618
44.5,-1.5,descending,205.4157
44.5,-1.25,descending,238.63832
44.5,-1.0,descending,263.78998
44.5,-0.75,descending,273.56284
44.5,-0.5,descending,274.17715
44.5,-0.25,descending,273.68332
44.5,-0.0,descending,272.6157
44.5,0.25,descending,271.39142
44.5,0.5,descending,271.03287
44.5,0.75,descending,271.29166
44.5,1.0,descending,271.69427
44.5,1.25,descending,272.38858
44.5,1.5,descending,273.04666
44.5,1.75,descending,273.53
44.5,2.0,descending,274.03287
44.5,2.25,descending,274.33856
44.5,2.5,descending,274.12332
44.5,2.75,descending,274.3925
44.5,3.0,descending,275.52
44.5,3.25,descending,276.80624
44.5,3.5,descending,277.49713
44.5,3.75,descending,277.93573
44.5,4.0,descending,278.33777
44.5,4.25,descending,278.40164
44.5,4.5,descending,278.30624
44.5,4.75,descending,278.67123
44.5,5.0,descending,279.43332
44.5,5.25,descending,279.50626
44.5,5.5,descending,279.18198
44.5,5.75,descending,278.42664
44.5,6.0,descending,276.15555
44.5,6.25,descending,273.439
44.5,6.5,descending,271.2475
44.5,6.75,descending,271.162
44.5,7.0,descending,272.28384
44.5,7.25,descending,274.19214
44.5,7.5,descending,274.89133
44.5,7.75,descending,273.62292
44.5,8.0,descending,271.97305
44.5,8.25,descending,272.12332
44.5,12.25,descending,239.055
44.5,12.5,descending,229.43889
44.5,12.75,descending,215.44533
44.5,13.0,descending,205.12923
44.5,13.25,descending,198.385
44.5,13.5,descending,194.69331
44.5,13.75,descending,193.241
44.5,14.0,descending,193.107
44.5,14.25,descending,194.08444
44.5,14.5,descending,197.14818
44.5,14.75,descending,204.715
44.5,15.0,descending,218.26399
44.5,15.25,descending,235.92625
44.5,15.5,descending,252.41124
44.5,15.75,descending,264.08124
44.5,16.0,descending,270.58856
44.5,16.25,descending,273.93665
44.5,16.5,descending,275.15
44.5,16.75,descending,275.1857
44.5,17.0,descending,274.98123
44.5,17.25,descending,275.19858
44.5,17.5,descending,275.53876
44.5,17.75,descending,275.63998
44.5,18.0,descending,275.6
44.5,18.25,descending,275.6367
44.5,18.5,descending,275.66998
44.5,18.75,descending,275.60858
44.5,19.0,descending,275.25714
44.5,19.25,descending,275.13834
44.5,19.5,descending,275.29
44.5,19.75,descending,275.05667
44.5,20.0,descending,274.58875
44.5,20.25,descending,274.405
44.5,20.5,descending,274.335
44.5,20.75,descending,273.992
44.5,21.0,descending,273.85858
44.5,21.25,descending,274.1733
44.5,21.5,descending,274.37833
44.5,21.75,descending,273.92667
44.5,22.0,descending,273.275
44.5,22.25,descending,272.68997
44.5,22.5,descending,272.59283
44.5,22.75,descending,273.37714
44.5,23.0,descending,274.25333
44.5,23.25,descending,274.76398
44.5,23.5,descending,274.66714
44.5,23.75,descending,274.44144
44.5,24.0,descending,273.68832
44.5,24.25,descending,272.28998
44.5,24.5,descending,271.84143
44.5,24.75,descending,271.86142
44.5,25.0,descending,271.615
44.5,25.25,descending,271.15143
44.5,25.5,descending,270.79428
44.5,25.75,descending,270.03
44.5,26.0,descending,269.09143
44.5,26.25,descending,270.05002
44.5,26.5,descending,269.9326
44.5,26.75,descending,269.8845
44.5,27.0,descending,270.0415
44.5,27.25,descending,270.4621
44.5,27.5,descending,270.64832
44.5,27.75,descending,270.44165
44.5,28.0,descending,270.465
44.5,28.25,descending,266.89368
44.5,28.5,descending,252.99353
44.5,28.75,descending,228.13937
44.5,29.0,descending,208.955
44.5,29.25,descending,196.64436
44.5,29.5,descending,191.81235
44.5,29.75,descending,189.8275
44.5,30.0,descending,188.93352
44.5,30.25,descending,188.50749
44.5,30.5,descending,188.38411
44.5,30.75,descending,188.15375
44.5,31.0,descending,188.10368
44.5,31.25,descending,187.91444
44.5,31.5,descending,187.71451
44.5,31.75,descending,187.60881
44.5,32.0,descending,187.201
44.5,32.25,descending,187.215
44.5,32.5,descending,186.99126
44.5,32.75,descending,187.41586
44.5,33.0,descending,189.12119
44.5,33.25,descending,195.82666
44.5,33.5,descending,206.42165
44.5,33.75,descending,216.93166
44.5,34.0,descending,214.46428
44.5,34.25,descending,208.56857
44.5,34.5,descending,196.325
44.5,34.75,descending,191.855
44.5,35.0,descending,190.18375
44.5,35.25,descending,188.568
44.5,35.5,descending,187.75856
44.5,35.75,descending,187.31831
44.5,36.0,descending,186.89
44.5,36.25,descending,186.82
44.5,36.5,descending,186.91286
44.5,36.75,descending,187.22
44.5,37.0,descending,188.75285
44.5,37.25,descending,191.12
44.5,37.5,descending,196.976
44.5,37.75,descending,200.76857
44.5,38.0,descending,207.55249
44.75,-12.5,descending,189.53499
44.75,-12.25,descending,189.35054
44.75,-12.0,descending,189.08267
44.75,-11.75,descending,188.83307
44.75,-11.5,descending,188.64088
44.75,-11.25,descending,188.472
44.75,-11.0,descending,188.3209
44.75,-10.75,descending,188.2911
44.75,-10.5,descending,188.30199
44.75,-10.25,descending,188.24666
44.75,-10.0,descending,188.06778
44.75,-9.75,descending,187.8275
44.75,-9.5,descending,187.63249
44.75,-9.25,descending,187.42499
44.75,-9.0,descending,187.25143
44.75,-8.75,descending,187.10374
44.75,-8.5,descending,186.9775
44.75,-8.25,descending,186.895
44.75,-8.0,descending,186.88126
44.75,-7.75,descending,187.03857
44.75,-7.5,descending,187.04285
44.75,-7.25,descending,186.77571
44.75,-7.0,descending,186.398
44.75,-6.75,descending,186.12834
44.75,-6.5,descending,186.05374
44.75,-6.25,descending,186.165
44.75,-6.0,descending,186.46333
44.75,-5.75,descending,186.61665
44.75,-5.5,descending,186.96501
44.75,-5.25,descending,187.28833
44.75,-5.0,descending,187.14285
44.75,-4.75,descending,186.99142
44.75,-4.5,descending,187.61
44.75,-4.25,descending,187.99199
44.75,-4.0,descending,187.74715
44.75,-3.75,descending,186.96999
44.75,-3.5,descending,186.43834
44.75,-3.25,descending,186.298
44.75,-3.0,descending,186.16833
44.75,-2.75,descending,186.06999
44.75,-2.5,descending,186.05124
44.75,-2.25,descending,186.0175
44.75,-2.0,descending,186.22285
44.75,-1.75,descending,188.29333
44.75,-1.5,descending,200.79599
44.75,-1.25,descending,230.92
44.75,-1.0,descending,261.8643
44.75,-0.75,descending,272.0275
44.75,-0.5,descending,273.45834
44.75,-0.25,descending,273.4886
44.75,-0.0,descending,260.6357
44.75,0.25,descending,271.35284
44.75,0.5,descending,270.89713
44.75,0.75,descending,271.06998
44.75,1.0,descending,271.57144
44.75,1.25,descending,272.41144
44.75,1.5,descending,273.02164
44.75,1.75,descending,273.28427
44.75,2.0,descending,273.44998
44.75,2.25,descending,273.40427
44.75,2.5,descending,273.16
44.75,2.75,descending,273.4857
44.75,3.0,descending,274.93857
44.75,3.25,descending,276.44998
44.75,3.5,descending,277.10855
44.75,3.75,descending,277.36285
44.75,4.0,descending,277.44144
44.75,4.25,descending,277.65
44.75,4.5,descending,277.83777
44.75,4.75,descending,278.46164
44.75,5.0,descending,279.07333
44.75,5.25,descending,278.8622
44.75,5.5,descending,277.84125
44.75,5.75,descending,276.07333
44.75,6.0,descending,273.1111
44.75,6.25,descending,269.66
44.75,6.5,descending,268.69
44.75,6.75,descending,269.564
44.75,7.0,descending,271.71582
44.75,7.25,descending,274.14917
44.75,7.5,descending,275.65143
44.75,7.75,descending,276.48874
44.75,8.0,descending,276.59888
44.75,8.25,descending,276.11618
44.75,8.5,descending,275.735
44.75,12.25,descending,231.304
44.75,12.5,descending,223.38556
44.75,12.75,descending,210.545
44.75,13.0,descending,200.57857
44.75,13.25,descending,195.45363
44.75,13.5,descending,195.24834
44.75,13.75,descending,196.54399
44.75,14.0,descending,198.017
44.75,14.25,descending,200.17221
44.75,14.5,descending,205.9211
44.75,14.75,descending,214.75124
44.75,15.0,descending,229.87375
44.75,15.25,descending,246.0125
44.75,15.5,descending,260.2475
44.75,15.75,descending,268.7075
44.75,16.0,descending,272.91714
44.75,16.25,descending,274.71332
44.75,16.5,descending,275.29373
44.75,16.75,descending,275.46335
44.75,17.0,descending,275.37997
44.75,17.25,descending,275.29166
44.75,17.5,descending,275.37857
44.75,17.75,descending,275.37286
44.75,18.0,descending,275.13
44.75,18.25,descending,275.04166
44.75,18.5,descending,274.895
44.75,18.75,descending,274.62283
44.75,19.0,descending,274.46335
44.75,19.25,descending,274.45667
44.75,19.5,descending,274.43286
44.75,19.75,descending,274.02
44.75,20.0,descending,273.246
44.75,20.25,descending,273.008
44.75,20.5,descending,273.06427
44.75,20.75,descending,273.07333
44.75,21.0,descending,272.84332
44.75,21.25,descending,273.23398
44.75,21.5,descending,273.75714
44.75,21.75,descending,273.608
44.75,22.0,descending,273.02
44.75,22.25,descending,272.40802
44.75,22.5,descending,272.4157
44.75,22.75,descending,273.3375
44.75,23.0,descending,274.5114
44.75,23.25,descending,274.852
44.75,23.5,descending,274.826
44.75,23.75,descending,274.53
44.75,24.0,descending,273.40857
44.75,24.25,descending,272.18332
44.75,24.5,descending,272.01498
44.75,24.75,descending,271.93
44.75,25.0,descending,271.37997
44.75,25.25,descending,270.92166
44.75,25.5,descending,270.52142
44.75,25.75,descending,270.02164
44.75,26.0,descending,269.3657
44.75,26.25,descending,270.72125
44.75,26.5,descending,270.80038
44.75,26.75,descending,271.013
44.75,27.0,descending,271.4979
44.75,27.25,descending,271.95352
44.75,27.5,descending,271.55646
44.75,27.75,descending,270.6556
44.75,28.0,descending,270.7311
44.75,28.25,descending,269.8075
44.75,28.5,descending,260.69333
44.75,28.75,descending,242.79625
44.75,29.0,descending,222.07117
44.75,29.25,descending,209.8475
44.75,29.5,descending,201.49533
44.75,29.75,descending,193.64499
44.75,30.0,descending,190.15
44.75,30.25,descending,188.9975
44.75,30.5,descending,188.62411
44.75,30.75,descending,188.47665
44.75,31.0,descending,188.21777
44.75,31.25,descending,188.08875
44.75,31.5,descending,188.11882
44.75,31.75,descending,187.69943
44.75,32.0,descending,187.629
44.75,32.25,descending,187.26913
44.75,32.5,descending,187.37651
44.75,32.75,descending,188.11626
44.75,33.0,descending,190.94107
44.75,33.25,descending,199.08142
44.75,33.5,descending,219.03714
44.75,33.75,descending,239.172
44.75,34.0,descending,247.15572
44.75,34.25,descending,238.396
44.75,34.5,descending,220.85857
44.75,34.75,descending,207.58333
44.75,35.0,descending,201.536
44.75,35.25,descending,195.37
44.75,35.5,descending,190.90399
44.75,35.75,descending,190.23999
44.75,36.0,descending,189.455
44.75,36.25,descending,188.49666
44.75,36.5,descending,187.88332
44.75,36.75,descending,188.47144
44.75,37.0,descending,193.688
44.75,37.25,descending,202.65498
44.75,37.5,descending,211.38
44.75,37.75,descending,221.61198
44.75,38.0,descending,234.0275
45.0,-12.5,descending,189.37
45.0,-12.25,descending,189.1661
45.0,-12.0,descending,188.87563
45.0,-11.75,descending,188.63428
45.0,-11.5,descending,188.5025
45.0,-11.25,descending,188.38167
45.0,-11.0,descending,188.24364
45.0,-10.75,descending,188.149
45.0,-10.5,descending,188.165
45.0,-10.25,descending,188.14667
45.0,-10.0,descending,188.04124
45.0,-9.75,descending,187.85889
45.0,-9.5,descending,187.72777
45.0,-9.25,descending,187.59111
45.0,-9.0,descending,187.37125
45.0,-8.75,descending,187.12857
45.0,-8.5,descending,186.97427
45.0,-8.25,descending,186.84332
45.0,-8.0,descending,186.76332
45.0,-7.75,descending,186.775
45.0,-7.5,descending,186.87666
45.0,-7.25,descending,186.785
45.0,-7.0,descending,186.49625
45.0,-6.75,descending,186.27856
45.0,-6.5,descending,186.238
45.0,-6.25,descending,186.12834
45.0,-6.0,descending,186.01625
45.0,-5.75,descending,186.055
45.0,-5.5,descending,186.31857
45.0,-5.25,descending,186.74333
45.0,-5.0,descending,186.95142
45.0,-4.75,descending,186.82999
45.0,-4.5,descending,187.30714
45.0,-4.25,descending,188.45143
45.0,-4.0,descending,188.82286
45.0,-3.75,descending,187.68166
45.0,-3.5,descending,186.64333
45.0,-3.25,descending,186.18143
45.0,-3.0,descending,186.062
45.0,-2.75,descending,186.03429
45.0,-2.5,descending,186.064
45.0,-2.25,descending,186.01857
45.0,-2.0,descending,185.96
45.0,-1.75,descending,187.065
45.0,-1.5,descending,194.625
45.0,-1.25,descending,225.075
45.0,-1.0,descending,256.1057
45.0,-0.75,descending,269.47287
45.0,-0.5,descending,272.428
45.0,-0.25,descending,273.676
45.0,-0.0,descending,255.14223
45.0,0.25,descending,272.50998
45.0,0.5,descending,271.75287
45.0,0.75,descending,271.4233
45.0,1.0,descending,271.68
45.0,1.25,descending,272.3857
45.0,1.5,descending,272.995
45.0,1.75,descending,273.21143
45.0,2.0,descending,273.10834
45.0,2.25,descending,272.76666
45.0,2.5,descending,272.42856
45.0,2.75,descending,272.90427
45.0,3.0,descending,274.59714
45.0,3.25,descending,276.27
45.0,3.5,descending,276.91998
45.0,3.75,descending,277.05142
45.0,4.0,descending,277.02142
45.0,4.25,descending,277.07666
45.0,4.5,descending,277.29248
45.0,4.75,descending,277.79498
45.0,5.0,descending,278.04776
45.0,5.25,descending,277.51285
45.0,5.5,descending,276.09998
45.0,5.75,descending,273.26855
45.0,6.0,descending,269.35727
45.0,6.25,descending,266.83664
45.0,6.5,descending,267.09
45.0,6.75,descending,268.48798
45.0,7.0,descending,271.0723
45.0,7.25,descending,273.58636
45.0,7.5,descending,275.6143
45.0,7.75,descending,277.1
45.0,8.0,descending,276.9828
45.0,8.25,descending,275.19095
45.0,8.5,descending,273.32333
45.0,12.25,descending,231.315
45.0,12.5,descending,224.43167
45.0,12.75,descending,211.642
45.0,13.0,descending,201.76357
45.0,13.25,descending,198.32077
45.0,13.5,descending,202.97363
45.0,13.75,descending,211.40727
45.0,14.0,descending,216.28363
45.0,14.25,descending,218.293
45.0,14.5,descending,217.76888
45.0,14.75,descending,225.99199
45.0,15.0,descending,241.25
45.0,15.25,descending,256.31876
45.0,15.5,descending,266.88498
45.0,15.75,descending,272.37143
45.0,16.0,descending,274.2989
45.0,16.25,descending,275.04376
45.0,16.5,descending,275.15833
45.0,16.75,descending,275.22333
45.0,17.0,descending,275.24832
45.0,17.25,descending,274.9975
45.0,17.5,descending,274.75714
45.0,17.75,descending,274.39664
45.0,18.0,descending,274.11832
45.0,18.25,descending,274.1133
45.0,18.5,descending,273.875
45.0,18.75,descending,273.65
45.0,19.0,descending,273.49832
45.0,19.25,descending,273.3157
45.0,19.5,descending,273.31665
45.0,19.75,descending,273.32666
45.0,20.0,descending,272.4957
45.0,20.25,descending,271.45166
45.0,20.5,descending,271.37714
45.0,20.75,descending,272.47333
45.0,21.0,descending,272.805
45.0,21.25,descending,273.12997
45.0,21.5,descending,273.604
45.0,21.75,descending,273.84283
45.0,22.0,descending,273.7157
45.0,22.25,descending,273.17334
45.0,22.5,descending,273.165
45.0,22.75,descending,273.5114
45.0,23.0,descending,274.2383
45.0,23.25,descending,274.54855
45.0,23.5,descending,274.65143
45.0,23.75,descending,274.36
45.0,24.0,descending,273.30856
45.0,24.25,descending,272.05856
45.0,24.5,descending,271.93665
45.0,24.75,descending,271.75333
45.0,25.0,descending,271.13998
45.0,25.25,descending,270.65
45.0,25.5,descending,270.2
45.0,25.75,descending,269.836
45.0,26.0,descending,269.575
45.0,26.25,descending,271.34
45.0,26.5,descending,272.0625
45.0,26.75,descending,272.5095
45.0,27.0,descending,272.7945
45.0,27.25,descending,272.7562
45.0,27.5,descending,272.15997
45.0,27.75,descending,270.72647
45.0,28.0,descending,270.42
45.0,28.25,descending,270.29065
45.0,28.5,descending,265.37277
45.0,28.75,descending,253.22823
45.0,29.0,descending,242.15532
45.0,29.25,descending,233.66624
45.0,29.5,descending,220.25528
45.0,29.75,descending,204.1247
45.0,30.0,descending,194.00533
45.0,30.25,descending,190.01437
45.0,30.5,descending,189.2089
45.0,30.75,descending,188.90187
45.0,31.0,descending,188.66124
45.0,31.25,descending,188.56438
45.0,31.5,descending,188.10133
45.0,31.75,descending,187.94737
45.0,32.0,descending,187.8685
45.0,32.25,descending,188.16833
45.0,32.5,descending,189.08783
45.0,32.75,descending,191.3
45.0,33.0,descending,197.27896
45.0,33.25,descending,206.7111
45.0,33.5,descending,219.71715
45.0,33.75,descending,247.85999
45.0,34.0,descending,262.70834
45.0,34.25,descending,261.51166
45.0,34.5,descending,251.96832
45.0,34.75,descending,239.98332
45.0,35.0,descending,229.84856
45.0,35.25,descending,214.98999
45.0,35.5,descending,202.86143
45.0,35.75,descending,203.72427
45.0,36.0,descending,201.92665
45.0,36.25,descending,199.59
45.0,36.5,descending,194.03667
45.0,36.75,descending,194.88332
45.0,37.0,descending,198.84833
45.0,37.25,descending,217.605
45.0,37.5,descending,236.44713
45.0,37.75,descending,245.04665
45.0,38.0,descending,253.27332
45.25,-12.25,descending,189.00499
45.25,-12.0,descending,188.75177
45.25,-11.75,descending,188.47461
45.25,-11.5,descending,188.32416
45.25,-11.25,descending,188.21748
45.25,-11.0,descending,188.14455
45.25,-10.75,descending,188.02777
45.25,-10.5,descending,187.90181
45.25,-10.25,descending,187.81
45.25,-10.0,descending,187.70778
45.25,-9.75,descending,187.53555
45.25,-9.5,descending,187.45624
45.25,-9.25,descending,187.43999
45.25,-9.0,descending,187.41624
45.25,-8.75,descending,187.28624
45.25,-8.5,descending,187.06285
45.25,-8.25,descending,186.93166
45.25,-8.0,descending,186.8211
45.25,-7.75,descending,186.78833
45.25,-7.5,descending,186.85625
45.25,-7.25,descending,186.806
45.25,-7.0,descending,186.56857
45.25,-6.75,descending,186.38832
45.25,-6.5,descending,186.465
45.25,-6.25,descending,186.65141
45.25,-6.0,descending,186.57332
45.25,-5.75,descending,186.36142
45.25,-5.5,descending,186.30165
45.25,-5.25,descending,186.455
45.25,-5.0,descending,186.58
45.25,-4.75,descending,186.53285
45.25,-4.5,descending,186.67665
45.25,-4.25,descending,187.55666
45.25,-4.0,descending,188.65
45.25,-3.75,descending,188.34166
45.25,-3.5,descending,187.18834
45.25,-3.25,descending,186.536
45.25,-3.0,descending,186.30875
45.25,-2.75,descending,186.25
45.25,-2.5,descending,186.37572
45.25,-2.25,descending,186.346
45.25,-2.0,descending,186.205
45.25,-1.75,descending,187.094
45.25,-1.5,descending,195.82857
45.25,-1.25,descending,219.25601
45.25,-1.0,descending,250.522
45.25,-0.75,descending,265.12997
45.25,-0.5,descending,270.96167
45.25,-0.25,descending,273.39334
45.25,-0.0,descending,274.11002
45.25,0.25,descending,273.698
45.25,0.5,descending,273.0757
45.25,0.75,descending,272.36002
45.25,1.0,descending,272.1133
45.25,1.25,descending,272.45856
45.25,1.5,descending,272.99667
45.25,1.75,descending,273.266
45.25,2.0,descending,273.12997
45.25,2.25,descending,272.75998
45.25,2.5,descending,272.4
45.25,2.75,descending,272.8
45.25,3.0,descending,274.3814
45.25,3.25,descending,275.9883
45.25,3.5,descending,276.91284
45.25,3.75,descending,277.08286
45.25,4.0,descending,276.83856
45.25,4.25,descending,276.68286
45.25,4.5,descending,276.65854
45.25,4.75,descending,276.6443
45.25,5.0,descending,276.78427
45.25,5.25,descending,276.06876
45.25,5.5,descending,274.81223
45.25,5.75,descending,272.27
45.25,6.0,descending,268.8825
45.25,6.25,descending,266.913
45.25,6.5,descending,266.426
45.25,6.75,descending,266.75098
45.25,7.0,descending,268.49417
45.25,7.25,descending,271.611
45.25,7.5,descending,274.32614
45.25,7.75,descending,275.38617
45.25,8.0,descending,273.15356
45.25,8.25,descending,270.05884
45.25,8.5,descending,269.66208
45.25,8.75,descending,270.5575
45.25,12.5,descending,220.33824
45.25,12.75,descending,209.89928
45.25,13.0,descending,202.51692
45.25,13.25,descending,201.86693
45.25,13.5,descending,211.86546
45.25,13.75,descending,227.802
45.25,14.0,descending,239.772
45.25,14.25,descending,243.41667
45.25,14.5,descending,241.00998
45.25,14.75,descending,245.29
45.25,15.0,descending,253.24554
45.25,15.25,descending,263.235
45.25,15.5,descending,270.32123
45.25,15.75,descending,273.82712
45.25,16.0,descending,274.95572
45.25,16.25,descending,275.18283
45.25,16.5,descending,275.05
45.25,16.75,descending,274.93
45.25,17.0,descending,275.07333
45.25,17.25,descending,275.038
45.25,17.5,descending,274.5957
45.25,17.75,descending,274.12857
45.25,18.0,descending,273.65286
45.25,18.25,descending,273.38123
45.25,18.5,descending,273.16428
45.25,18.75,descending,272.795
45.25,19.0,descending,272.55374
45.25,19.25,descending,272.56833
45.25,19.5,descending,272.68
45.25,19.75,descending,272.59714
45.25,20.0,descending,271.92667
45.25,20.25,descending,270.78665
45.25,20.5,descending,270.25
45.25,20.75,descending,271.28665
45.25,21.0,descending,273.12857
45.25,21.25,descending,274.128
45.25,21.5,descending,274.60715
45.25,21.75,descending,274.61398
45.25,22.0,descending,274.41998
45.25,22.25,descending,274.09143
45.25,22.5,descending,273.706
45.25,22.75,descending,273.628
45.25,23.0,descending,273.87668
45.25,23.25,descending,274.08398
45.25,23.5,descending,274.03714
45.25,23.75,descending,274.03165
45.25,24.0,descending,273.3775
45.25,24.25,descending,272.34
45.25,24.5,descending,271.88998
45.25,24.75,descending,271.63834
45.25,25.0,descending,271.31857
45.25,25.25,descending,270.96667
45.25,25.5,descending,270.47858
45.25,25.75,descending,270.18713
45.25,26.0,descending,270.12332
45.25,26.25,descending,272.21228
45.25,26.5,descending,273.42416
45.25,26.75,descending,273.711
45.25,27.0,descending,273.4057
45.25,27.25,descending,272.92776
45.25,27.5,descending,272.41275
45.25,27.75,descending,271.09644
45.25,28.0,descending,270.1347
45.25,28.25,descending,268.522
45.25,28.5,descending,264.285
45.25,28.75,descending,259.71213
45.25,29.0,descending,254.28624
45.25,29.25,descending,249.72533
45.25,29.5,descending,236.17561
45.25,29.75,descending,215.52284
45.25,30.0,descending,199.32562
45.25,30.25,descending,192.24733
45.25,30.5,descending,189.928
45.25,30.75,descending,189.33437
45.25,31.0,descending,189.0739
45.25,31.25,descending,188.7
45.25,31.5,descending,188.72841
45.25,31.75,descending,188.63611
45.25,32.0,descending,189.34778
45.25,32.25,descending,191.91055
45.25,32.5,descending,197.67683
45.25,32.75,descending,205.75772
45.25,33.0,descending,220.20082
45.25,33.25,descending,234.17628
45.25,33.5,descending,237.86249
45.25,33.75,descending,252.16333
45.25,34.0,descending,266.76834
45.25,34.25,descending,271.245
45.25,34.5,descending,268.43283
45.25,34.75,descending,261.33334
45.25,35.0,descending,248.18
45.25,35.25,descending,233.96832
45.25,35.5,descending,220.92833
45.25,35.75,descending,221.36198
45.25,36.0,descending,223.14285
45.25,36.25,descending,217.54599
45.25,36.5,descending,206.68333
45.25,36.75,descending,203.872
45.25,37.0,descending,210.22714
45.25,37.25,descending,223.354
45.25,37.5,descending,243.318
45.25,37.75,descending,254.60428
45.25,38.0,descending,258.63
45.5,-12.25,descending,188.61455
45.5,-12.0,descending,188.46765
45.5,-11.75,descending,188.27641
45.5,-11.5,descending,188.09308
45.5,-11.25,descending,187.96501
45.5,-11.0,descending,187.92636
45.5,-10.75,descending,187.913
45.5,-10.5,descending,187.831
45.5,-10.25,descending,187.71889
45.5,-10.0,descending,187.57999
45.5,-9.75,descending,187.44
45.5,-9.5,descending,187.31999
45.5,-9.25,descending,187.25333
45.5,-9.0,descending,187.22624
45.5,-8.75,descending,187.23874
45.5,-8.5,descending,187.26334
45.5,-8.25,descending,187.17874
45.5,-8.0,descending,187.09999
45.5,-7.75,descending,187.03125
45.5,-7.5,descending,187.075
45.5,-7.25,descending,187.04749
45.5,-7.0,descending,186.89
45.5,-6.75,descending,186.58142
45.5,-6.5,descending,186.58667
45.5,-6.25,descending,186.802
45.5,-6.0,descending,187.02571
45.5,-5.75,descending,186.99834
45.5,-5.5,descending,186.72499
45.5,-5.25,descending,186.60143
45.5,-5.0,descending,186.51166
45.5,-4.75,descending,186.32666
45.5,-4.5,descending,186.20166
45.5,-4.25,descending,186.48167
45.5,-4.0,descending,187.22856
45.5,-3.75,descending,187.71333
45.5,-3.5,descending,187.53572
45.5,-3.25,descending,187.16856
45.5,-3.0,descending,187.128
45.5,-2.75,descending,186.94666
45.5,-2.5,descending,186.98999
45.5,-2.25,descending,186.8
45.5,-2.0,descending,186.60857
45.5,-1.75,descending,187.18143
45.5,-1.5,descending,194.455
45.5,-1.25,descending,216.85143
45.5,-1.0,descending,245.84999
45.5,-0.75,descending,262.836
45.5,-0.5,descending,270.07
45.5,-0.25,descending,273.16666
45.5,-0.0,descending,255.75778
45.5,0.25,descending,274.00333
45.5,0.5,descending,273.66498
45.5,0.75,descending,273.0725
45.5,1.0,descending,272.6525
45.5,1.25,descending,272.632
45.5,1.5,descending,273.156
45.5,1.75,descending,273.50333
45.5,2.0,descending,273.5057
45.5,2.25,descending,273.23
45.5,2.5,descending,272.88284
45.5,2.75,descending,273.0557
45.5,3.0,descending,274.0533
45.5,3.25,descending,275.48285
45.5,3.5,descending,276.66998
45.5,3.75,descending,276.68332
45.5,4.0,descending,276.1389
45.5,4.25,descending,275.77
45.5,4.5,descending,275.65997
45.5,4.75,descending,275.34
45.5,5.0,descending,275.2333
45.5,5.25,descending,275.07248
45.5,5.5,descending,274.25998
45.5,5.75,descending,272.50287
45.5,6.0,descending,270.46
45.5,6.25,descending,268.8375
45.5,6.5,descending,266.94998
45.5,6.75,descending,265.297
45.5,7.0,descending,265.77335
45.5,7.25,descending,268.55817
45.5,7.5,descending,271.07083
45.5,7.75,descending,271.625
45.5,8.0,descending,269.90927
45.5,8.25,descending,268.8925
45.5,8.5,descending,270.62332
45.5,8.75,descending,272.50055
45.5,12.5,descending,229.21143
45.5,12.75,descending,220.49733
45.5,13.0,descending,211.72398
45.5,13.25,descending,207.45166
45.5,13.5,descending,215.04668
45.5,13.75,descending,233.4627
45.5,14.0,descending,251.366
45.5,14.25,descending,261.465
45.5,14.5,descending,263.294
45.5,14.75,descending,262.82874
45.5,15.0,descending,265.52444
45.5,15.25,descending,269.45874
45.5,15.5,descending,272.2922
45.5,15.75,descending,273.7789
45.5,16.0,descending,274.51874
45.5,16.25,descending,274.75873
45.5,16.5,descending,274.79855
45.5,16.75,descending,274.61624
45.5,17.0,descending,274.67334
45.5,17.25,descending,275.16626
45.5,17.5,descending,275.19
45.5,17.75,descending,274.68332
45.5,18.0,descending,274.01428
45.5,18.25,descending,273.455
45.5,18.5,descending,272.9457
45.5,18.75,descending,272.23285
45.5,19.0,descending,271.93
45.5,19.25,descending,272.21832
45.5,19.5,descending,272.54855
45.5,19.75,descending,272.48166
45.5,20.0,descending,272.035
45.5,20.25,descending,271.49167
45.5,20.5,descending,270.3443
45.5,20.75,descending,270.285
45.5,21.0,descending,272.04834
45.5,21.25,descending,274.22
45.5,21.5,descending,275.39398
45.5,21.75,descending,275.31332
45.5,22.0,descending,275.0357
45.5,22.25,descending,274.708
45.5,22.5,descending,274.11142
45.5,22.75,descending,273.665
45.5,23.0,descending,273.73285
45.5,23.25,descending,273.81
45.5,23.5,descending,273.51166
45.5,23.75,descending,273.42856
45.5,24.0,descending,273.25998
45.5,24.25,descending,272.615
45.5,24.5,descending,271.95142
45.5,24.75,descending,271.68665
45.5,25.0,descending,271.65143
45.5,25.25,descending,271.52832
45.5,25.5,descending,271.18573
45.5,25.75,descending,270.9643
45.5,26.0,descending,270.99167
45.5,26.25,descending,272.3911
45.5,26.5,descending,274.82153
45.5,26.75,descending,275.00864
45.5,27.0,descending,274.279
45.5,27.25,descending,273.79056
45.5,27.5,descending,273.0722
45.5,27.75,descending,272.25165
45.5,28.0,descending,270.56708
45.5,28.25,descending,267.98868
45.5,28.5,descending,264.74823
45.5,28.75,descending,262.33932
45.5,29.0,descending,261.28
45.5,29.25,descending,257.0075
45.5,29.5,descending,243.52199
45.5,29.75,descending,223.31937
45.5,30.0,descending,205.61937
45.5,30.25,descending,194.99199
45.5,30.5,descending,191.14941
45.5,30.75,descending,189.89784
45.5,31.0,descending,189.39235
45.5,31.25,descending,189.34119
45.5,31.5,descending,189.345
45.5,31.75,descending,189.885
45.5,32.0,descending,191.76056
45.5,32.25,descending,197.36223
45.5,32.5,descending,208.48141
45.5,32.75,descending,225.08363
45.5,33.0,descending,242.57477
45.5,33.25,descending,256.0032
45.5,33.5,descending,259.72
45.5,33.75,descending,260.9343
45.5,34.0,descending,269.29166
45.5,34.25,descending,271.76666
45.5,34.5,descending,269.47833
45.5,34.75,descending,262.684
45.5,35.0,descending,248.32666
45.5,35.25,descending,229.795
45.5,35.5,descending,218.37285
45.5,35.75,descending,219.11333
45.5,36.0,descending,223.752
45.5,36.25,descending,224.07166
45.5,36.5,descending,212.575
45.5,36.75,descending,206.32715
45.5,37.0,descending,207.40666
45.5,37.25,descending,215.1757
45.5,37.5,descending,233.75
45.5,37.75,descending,246.89665
45.5,38.0,descending,255.4975
45.75,-12.25,descending,188.25374
45.75,-12.0,descending,188.12688
45.75,-11.75,descending,188.00713
45.75,-11.5,descending,187.85643
45.75,-11.25,descending,187.76
45.75,-11.0,descending,187.6975
45.75,-10.75,descending,187.7
45.75,-10.5,descending,187.751
45.75,-10.25,descending,187.77888
45.75,-10.0,descending,187.74222
45.75,-9.75,descending,187.63875
45.75,-9.5,descending,187.49625
45.75,-9.25,descending,187.39624
45.75,-9.0,descending,187.31
45.75,-8.75,descending,187.28429
45.75,-8.5,descending,187.36714
45.75,-8.25,descending,187.37999
45.75,-8.0,descending,187.24857
45.75,-7.75,descending,187.21333
45.75,-7.5,descending,187.315
45.75,-7.25,descending,187.55833
45.75,-7.0,descending,187.51833
45.75,-6.75,descending,187.30856
45.75,-6.5,descending,186.93857
45.75,-6.25,descending,186.96858
45.75,-6.0,descending,187.17857
45.75,-5.75,descending,187.26332
45.75,-5.5,descending,187.11856
45.75,-5.25,descending,186.88998
45.75,-5.0,descending,186.66142
45.75,-4.75,descending,186.36665
45.75,-4.5,descending,186.14333
45.75,-4.25,descending,186.14333
45.75,-4.0,descending,186.34332
45.75,-3.75,descending,186.86499
45.75,-3.5,descending,187.29
45.75,-3.25,descending,187.308
45.75,-3.0,descending,187.53333
45.75,-2.75,descending,187.65332
45.75,-2.5,descending,187.596
45.75,-2.25,descending,187.21999
45.75,-2.0,descending,186.95
45.75,-1.75,descending,188.395
45.75,-1.5,descending,195.084
45.75,-1.25,descending,218.13199
45.75,-1.0,descending,244.77284
45.75,-0.75,descending,261.48
45.75,-0.5,descending,269.654
45.75,-0.25,descending,272.58
45.75,-0.0,descending,261.7443
45.75,0.25,descending,273.56427
45.75,0.5,descending,273.73666
45.75,0.75,descending,273.4643
45.75,1.0,descending,273.13333
45.75,1.25,descending,273.04855
45.75,1.5,descending,273.50858
45.75,1.75,descending,273.89334
45.75,2.0,descending,273.98285
45.75,2.25,descending,273.88
45.75,2.5,descending,273.71857
45.75,2.75,descending,273.66
45.75,3.0,descending,274.0057
45.75,3.25,descending,275.11572
45.75,3.5,descending,276.0186
45.75,3.75,descending,275.62332
45.75,4.0,descending,274.82285
45.75,4.25,descending,274.78998
45.75,4.5,descending,274.53857
45.75,4.75,descending,273.72284
45.75,5.0,descending,273.77286
45.75,5.25,descending,274.47748
45.75,5.5,descending,274.22858
45.75,5.75,descending,273.19
45.75,6.0,descending,272.37222
45.75,6.25,descending,270.91876
45.75,6.5,descending,268.11798
45.75,6.75,descending,265.22375
45.75,7.0,descending,264.97665
45.75,7.25,descending,266.46
45.75,7.5,descending,267.91638
45.75,7.75,descending,268.36816
45.75,8.0,descending,269.07333
45.75,8.25,descending,270.40067
45.75,8.5,descending,271.98056
45.75,8.75,descending,272.88632
45.75,9.0,descending,272.2575
45.75,12.5,descending,256.32272
45.75,12.75,descending,253.91412
45.75,13.0,descending,247.54199
45.75,13.25,descending,236.95615
45.75,13.5,descending,232.37666
45.75,13.75,descending,241.477
45.75,14.0,descending,254.76999
45.75,14.25,descending,266.396
45.75,14.5,descending,272.21
45.75,14.75,descending,273.4275
45.75,15.0,descending,273.92334
45.75,15.25,descending,274.53876
45.75,15.5,descending,275.04376
45.75,15.75,descending,274.81427
45.75,16.0,descending,274.41
45.75,16.25,descending,274.4475
45.75,16.5,descending,274.65164
45.75,16.75,descending,274.7257
45.75,17.0,descending,274.6143
45.75,17.25,descending,274.76285
45.75,17.5,descending,275.15
45.75,17.75,descending,274.925
45.75,18.0,descending,274.34833
45.75,18.25,descending,273.73334
45.75,18.5,descending,272.97714
45.75,18.75,descending,272.056
45.75,19.0,descending,271.76624
45.75,19.25,descending,272.33167
45.75,19.5,descending,273.01572
45.75,19.75,descending,273.08197
45.75,20.0,descending,272.56714
45.75,20.25,descending,272.26398
45.75,20.5,descending,271.97284
45.75,20.75,descending,271.27
45.75,21.0,descending,271.63834
45.75,21.25,descending,273.91
45.75,21.5,descending,275.36572
45.75,21.75,descending,275.6157
45.75,22.0,descending,275.358
45.75,22.25,descending,275.00284
45.75,22.5,descending,274.318
45.75,22.75,descending,273.8
45.75,23.0,descending,273.7125
45.75,23.25,descending,273.79715
45.75,23.5,descending,273.585
45.75,23.75,descending,273.22333
45.75,24.0,descending,273.08856
45.75,24.25,descending,272.60333
45.75,24.5,descending,271.87
45.75,24.75,descending,271.62833
45.75,25.0,descending,271.81
45.75,25.25,descending,271.75287
45.75,25.5,descending,271.3583
45.75,25.75,descending,271.15
45.75,26.0,descending,271.34665
45.75,26.25,descending,271.99142
45.75,26.5,descending,275.3246
45.75,26.75,descending,275.42285
45.75,27.0,descending,274.95285
45.75,27.25,descending,274.86115
45.75,27.5,descending,274.38632
45.75,27.75,descending,274.10873
45.75,28.0,descending,273.14276
45.75,28.25,descending,271.46
45.75,28.5,descending,270.25732
45.75,28.75,descending,269.0375
45.75,29.0,descending,268.61356
45.75,29.25,descending,265.448
45.75,29.5,descending,254.22665
45.75,29.75,descending,236.405
45.75,30.0,descending,218.50665
45.75,30.25,descending,203.73334
45.75,30.5,descending,194.51143
45.75,30.75,descending,191.15334
45.75,31.0,descending,189.98267
45.75,31.25,descending,189.89133
45.75,31.5,descending,190.32056
45.75,31.75,descending,191.7261
45.75,32.0,descending,195.18999
45.75,32.25,descending,199.97333
45.75,32.5,descending,208.76105
45.75,32.75,descending,223.64
45.75,33.0,descending,237.98
45.75,33.25,descending,249.85167
45.75,33.5,descending,257.48517
45.75,33.75,descending,261.741
45.75,34.0,descending,268.4057
45.75,34.25,descending,267.968
45.75,34.5,descending,262.715
45.75,34.75,descending,249.94429
45.75,35.0,descending,229.71999
45.75,35.25,descending,216.16199
45.75,35.5,descending,203.92332
45.75,35.75,descending,202.50334
45.75,36.0,descending,206.145
45.75,36.25,descending,207.48833
45.75,36.5,descending,203.23999
45.75,36.75,descending,198.26599
45.75,37.0,descending,197.18666
45.75,37.25,descending,200.412
45.75,37.5,descending,211.78667
45.75,37.75,descending,230.002
45.75,38.0,descending,245.81665
46.0,-12.25,descending,188.16199
46.0,-12.0,descending,188.09612
46.0,-11.75,descending,187.93732
46.0,-11.5,descending,187.83583
46.0,-11.25,descending,187.7525
46.0,-11.0,descending,187.68907
46.0,-10.75,descending,187.66455
46.0,-10.5,descending,187.675
46.0,-10.25,descending,187.75111
46.0,-10.0,descending,187.82999
46.0,-9.75,descending,187.8425
46.0,-9.5,descending,187.741
46.0,-9.25,descending,187.62715
46.0,-9.0,descending,187.54875
46.0,-8.75,descending,187.52222
46.0,-8.5,descending,187.48874
46.0,-8.25,descending,187.4357
46.0,-8.0,descending,187.295
46.0,-7.75,descending,187.18001
46.0,-7.5,descending,187.26857
46.0,-7.25,descending,187.66428
46.0,-7.0,descending,188.1275
46.0,-6.75,descending,188.21333
46.0,-6.5,descending,187.78714
46.0,-6.25,descending,187.336
46.0,-6.0,descending,187.35333
46.0,-5.75,descending,187.482
46.0,-5.5,descending,187.38284
46.0,-5.25,descending,187.08
46.0,-5.0,descending,186.78429
46.0,-4.75,descending,186.498
46.0,-4.5,descending,186.25429
46.0,-4.25,descending,186.20166
46.0,-4.0,descending,186.17665
46.0,-3.75,descending,186.252
46.0,-3.5,descending,186.578
46.0,-3.25,descending,186.755
46.0,-3.0,descending,186.97285
46.0,-2.75,descending,187.224
46.0,-2.5,descending,187.3125
46.0,-2.25,descending,187.532
46.0,-2.0,descending,187.90285
46.0,-1.75,descending,190.32832
46.0,-1.5,descending,199.54713
46.0,-1.25,descending,218.26999
46.0,-1.0,descending,247.59668
46.0,-0.75,descending,264.91
46.0,-0.5,descending,270.58832
46.0,-0.25,descending,272.09198
46.0,-0.0,descending,261.18143
46.0,0.25,descending,272.97284
46.0,0.5,descending,273.4
46.0,0.75,descending,273.5714
46.0,1.0,descending,273.55856
46.0,1.25,descending,273.665
46.0,1.5,descending,274.12
46.0,1.75,descending,274.32834
46.0,2.0,descending,274.3343
46.0,2.25,descending,274.38165
46.0,2.5,descending,274.46286
46.0,2.75,descending,274.34
46.0,3.0,descending,274.43
46.0,3.25,descending,275.03
46.0,3.5,descending,275.27
46.0,3.75,descending,274.73712
46.0,4.0,descending,274.17374
46.0,4.25,descending,274.47855
46.0,4.5,descending,273.91428
46.0,4.75,descending,272.44623
46.0,5.0,descending,272.8775
46.0,5.25,descending,274.20142
46.0,5.5,descending,274.7322
46.0,5.75,descending,274.45248
46.0,6.0,descending,273.72998
46.0,6.25,descending,271.7033
46.0,6.5,descending,268.46198
46.0,6.75,descending,266.1875
46.0,7.0,descending,265.61557
46.0,7.25,descending,265.626
46.0,7.5,descending,265.38998
46.0,7.75,descending,265.9831
46.0,8.0,descending,267.715
46.0,8.25,descending,269.246
46.0,8.5,descending,270.42563
46.0,8.75,descending,271.0625
46.0,9.0,descending,270.616
46.0,9.25,descending,269.78998
46.0,12.5,descending,270.10623
46.0,12.75,descending,271.25937
46.0,13.0,descending,271.42572
46.0,13.25,descending,268.94232
46.0,13.5,descending,265.24612
46.0,13.75,descending,261.914
46.0,14.0,descending,266.0509
46.0,14.25,descending,270.8689
46.0,14.5,descending,273.942
46.0,14.75,descending,275.9533
46.0,15.0,descending,276.5189
46.0,15.25,descending,276.5622
46.0,15.5,descending,276.50375
46.0,15.75,descending,276.03287
46.0,16.0,descending,275.65625
46.0,16.25,descending,275.24713
46.0,16.5,descending,274.94446
46.0,16.75,descending,274.93283
46.0,17.0,descending,274.92856
46.0,17.25,descending,274.8814
46.0,17.5,descending,274.95624
46.0,17.75,descending,274.94598
46.0,18.0,descending,274.655
46.0,18.25,descending,274.1314
46.0,18.5,descending,273.39166
46.0,18.75,descending,272.63858
46.0,19.0,descending,272.49142
46.0,19.25,descending,273.06
46.0,19.5,descending,273.58167
46.0,19.75,descending,273.62
46.0,20.0,descending,273.17142
46.0,20.25,descending,272.89334
46.0,20.5,descending,273.24667
46.0,20.75,descending,273.31
46.0,21.0,descending,273.06668
46.0,21.25,descending,274.3033
46.0,21.5,descending,275.42
46.0,21.75,descending,275.55402
46.0,22.0,descending,275.3257
46.0,22.25,descending,274.96832
46.0,22.5,descending,274.53165
46.0,22.75,descending,273.88998
46.0,23.0,descending,273.61285
46.0,23.25,descending,273.66833
46.0,23.5,descending,273.56143
46.0,23.75,descending,273.268
46.0,24.0,descending,272.98666
46.0,24.25,descending,272.57
46.0,24.5,descending,271.9833
46.0,24.75,descending,271.736
46.0,25.0,descending,271.92596
46.0,25.25,descending,271.90714
46.0,25.5,descending,271.50833
46.0,25.75,descending,271.27286
46.0,26.0,descending,271.495
46.0,26.25,descending,272.25
46.0,26.5,descending,275.27954
46.0,26.75,descending,275.48453
46.0,27.0,descending,275.137
46.0,27.25,descending,274.865
46.0,27.5,descending,274.96738
46.0,27.75,descending,275.1741
46.0,28.0,descending,274.72586
46.0,28.25,descending,274.36188
46.0,28.5,descending,274.36234
46.0,28.75,descending,274.19687
46.0,29.0,descending,273.7206
46.0,29.25,descending,272.22562
46.0,29.5,descending,266.3794
46.0,29.75,descending,255.905
46.0,30.0,descending,242.485
46.0,30.25,descending,224.01187
46.0,30.5,descending,205.05116
46.0,30.75,descending,196.16856
46.0,31.0,descending,191.4675
46.0,31.25,descending,190.88058
46.0,31.5,descending,192.36124
46.0,31.75,descending,196.22624
46.0,32.0,descending,201.17944
46.0,32.25,descending,207.07474
46.0,32.5,descending,213.65764
46.0,32.75,descending,218.854
46.0,33.0,descending,227.11522
46.0,33.25,descending,237.385
46.0,33.5,descending,248.62306
46.0,33.75,descending,254.36359
46.0,34.0,descending,259.85715
46.0,34.25,descending,259.68668
46.0,34.5,descending,251.02141
46.0,34.75,descending,237.86665
46.0,35.0,descending,222.01399
46.0,35.25,descending,205.1757
46.0,35.5,descending,195.08
46.0,35.75,descending,192.29167
46.0,36.0,descending,192.27428
46.0,36.25,descending,193.65498
46.0,36.5,descending,192.37
46.0,36.75,descending,191.14166
46.0,37.0,descending,190.20332
46.0,37.25,descending,191.59166
46.0,37.5,descending,197.37715
46.0,37.75,descending,213.78667
46.0,38.0,descending,230.1825
46.25,-12.25,descending,188.275
46.25,-12.0,descending,188.12157
46.25,-11.75,descending,187.93466
46.25,-11.5,descending,187.8277
46.25,-11.25,descending,187.76666
46.25,-11.0,descending,187.79
46.25,-10.75,descending,187.80399
46.25,-10.5,descending,187.79272
46.25,-10.25,descending,187.77556
46.25,-10.0,descending,187.82874
46.25,-9.75,descending,187.9111
46.25,-9.5,descending,187.95125
46.25,-9.25,descending,187.83374
46.25,-9.0,descending,187.655
46.25,-8.75,descending,187.62334
46.25,-8.5,descending,187.70125
46.25,-8.25,descending,187.64285
46.25,-8.0,descending,187.58833
46.25,-7.75,descending,187.29
46.25,-7.5,descending,187.14166
46.25,-7.25,descending,187.27141
46.25,-7.0,descending,187.722
46.25,-6.75,descending,188.12285
46.25,-6.5,descending,188.21625
46.25,-6.25,descending,187.78857
46.25,-6.0,descending,187.49284
46.25,-5.75,descending,187.47856
46.25,-5.5,descending,187.42834
46.25,-5.25,descending,187.205
46.25,-5.0,descending,186.875
46.25,-4.75,descending,186.54001
46.25,-4.5,descending,186.30165
46.25,-4.25,descending,186.23799
46.25,-4.0,descending,186.2957
46.25,-3.75,descending,186.21167
46.25,-3.5,descending,186.24284
46.25,-3.25,descending,186.37334
46.25,-3.0,descending,186.46667
46.25,-2.75,descending,186.61
46.25,-2.5,descending,187.08598
46.25,-2.25,descending,188.31999
46.25,-2.0,descending,192.136
46.25,-1.75,descending,196.20667
46.25,-1.5,descending,207.094
46.25,-1.25,descending,229.83427
46.25,-1.0,descending,251.53198
46.25,-0.75,descending,267.05002
46.25,-0.5,descending,271.02426
46.25,-0.25,descending,271.75668
46.25,-0.0,descending,246.12834
46.25,0.25,descending,272.53165
46.25,0.5,descending,273.07144
46.25,0.75,descending,273.525
46.25,1.0,descending,273.87997
46.25,1.25,descending,274.20334
46.25,1.5,descending,274.58856
46.25,1.75,descending,274.69998
46.25,2.0,descending,274.66998
46.25,2.25,descending,274.735
46.25,2.5,descending,274.89142
46.25,2.75,descending,274.93198
46.25,3.0,descending,275.05286
46.25,3.25,descending,275.23166
46.25,3.5,descending,274.93167
46.25,3.75,descending,274.25858
46.25,4.0,descending,274.18997
46.25,4.25,descending,274.5957
46.25,4.5,descending,273.74
46.25,4.75,descending,272.4233
46.25,5.0,descending,272.97
46.25,5.25,descending,274.7175
46.25,5.5,descending,275.4325
46.25,5.75,descending,275.0475
46.25,6.0,descending,273.26624
46.25,6.25,descending,269.89624
46.25,6.5,descending,267.0
46.25,6.75,descending,266.336
46.25,7.0,descending,266.8
46.25,7.25,descending,266.333
46.25,7.5,descending,265.25
46.25,7.75,descending,265.3109
46.25,8.0,descending,266.38748
46.25,8.25,descending,267.25082
46.25,8.5,descending,268.30426
46.25,8.75,descending,269.04413
46.25,9.0,descending,268.806
46.25,9.25,descending,268.35583
46.25,12.5,descending,275.04248
46.25,12.75,descending,275.5806
46.25,13.0,descending,276.21286
46.25,13.25,descending,276.22385
46.25,13.5,descending,275.60666
46.25,13.75,descending,275.06726
46.25,14.0,descending,275.22
46.25,14.25,descending,275.78888
46.25,14.5,descending,276.53598
46.25,14.75,descending,277.05112
46.25,15.0,descending,277.34875
46.25,15.25,descending,277.40375
46.25,15.5,descending,277.22375
46.25,15.75,descending,276.965
46.25,16.0,descending,276.63873
46.25,16.25,descending,276.06332
46.25,16.5,descending,275.63715
46.25,16.75,descending,275.17285
46.25,17.0,descending,274.95428
46.25,17.25,descending,275.05426
46.25,17.5,descending,275.28165
46.25,17.75,descending,275.39124
46.25,18.0,descending,275.36667
46.25,18.25,descending,274.928
46.25,18.5,descending,274.06427
46.25,18.75,descending,273.28
46.25,19.0,descending,273.272
46.25,19.25,descending,273.9883
46.25,19.5,descending,274.43713
46.25,19.75,descending,274.0257
46.25,20.0,descending,273.12
46.25,20.25,descending,272.93832
46.25,20.5,descending,273.40335
46.25,20.75,descending,273.95166
46.25,21.0,descending,274.3225
46.25,21.25,descending,274.862
46.25,21.5,descending,275.30142
46.25,21.75,descending,275.43332
46.25,22.0,descending,275.224
46.25,22.25,descending,274.982
46.25,22.5,descending,274.4943
46.25,22.75,descending,273.896
46.25,23.0,descending,273.44498
46.25,23.25,descending,273.426
46.25,23.5,descending,273.40833
46.25,23.75,descending,273.20428
46.25,24.0,descending,273.03198
46.25,24.25,descending,272.76398
46.25,24.5,descending,272.44998
46.25,24.75,descending,272.16855
46.25,25.0,descending,272.18198
46.25,25.25,descending,272.132
46.25,25.5,descending,271.87833
46.25,25.75,descending,271.82834
46.25,26.0,descending,272.15143
46.25,26.25,descending,272.71167
46.25,26.5,descending,275.21445
46.25,26.75,descending,275.3682
46.25,27.0,descending,275.16333
46.25,27.25,descending,275.00598
46.25,27.5,descending,275.3211
46.25,27.75,descending,275.7894
46.25,28.0,descending,275.70706
46.25,28.25,descending,275.95187
46.25,28.5,descending,275.94812
46.25,28.75,descending,275.95734
46.25,29.0,descending,275.9975
46.25,29.25,descending,275.43427
46.25,29.5,descending,273.845
46.25,29.75,descending,270.37534
46.25,30.0,descending,260.934
46.25,30.25,descending,243.97437
46.25,30.5,descending,226.16867
46.25,30.75,descending,205.76999
46.25,31.0,descending,196.94867
46.25,31.25,descending,194.26067
46.25,31.5,descending,197.06999
46.25,31.75,descending,205.38133
46.25,32.0,descending,217.40067
46.25,32.25,descending,229.29713
46.25,32.5,descending,237.06277
46.25,32.75,descending,241.08112
46.25,33.0,descending,244.10666
46.25,33.25,descending,248.73106
46.25,33.5,descending,252.63374
46.25,33.75,descending,256.72037
46.25,34.0,descending,257.97284
46.25,34.25,descending,255.46666
46.25,34.5,descending,252.00998
46.25,34.75,descending,242.29
46.25,35.0,descending,222.36284
46.25,35.25,descending,206.54
46.25,35.5,descending,197.47333
46.25,35.75,descending,191.83667
46.25,36.0,descending,190.29599
46.25,36.25,descending,189.58833
46.25,36.5,descending,188.91
46.25,36.75,descending,188.48
46.25,37.0,descending,188.102
46.25,37.25,descending,188.55666
46.25,37.5,descending,191.418
46.25,37.75,descending,203.67334
46.25,38.0,descending,217.525
46.5,-12.0,descending,187.94562
46.5,-11.75,descending,187.89867
46.5,-11.5,descending,187.90642
46.5,-11.25,descending,187.96748
46.5,-11.0,descending,188.13
46.5,-10.75,descending,188.157
46.5,-10.5,descending,188.157
46.5,-10.25,descending,188.087
46.5,-10.0,descending,188.133
46.5,-9.75,descending,188.20111
46.5,-9.5,descending,188.30124
46.5,-9.25,descending,188.33444
46.5,-9.0,descending,188.0611
46.5,-8.75,descending,187.7357
46.5,-8.5,descending,187.90428
46.5,-8.25,descending,188.52625
46.5,-8.0,descending,188.84625
46.5,-7.75,descending,188.62143
46.5,-7.5,descending,187.6125
46.5,-7.25,descending,187.29428
46.5,-7.0,descending,187.23874
46.5,-6.75,descending,187.46167
46.5,-6.5,descending,187.85999
46.5,-6.25,descending,188.00166
46.5,-6.0,descending,187.72125
46.5,-5.75,descending,187.355
46.5,-5.5,descending,187.15332
46.5,-5.25,descending,186.89833
46.5,-5.0,descending,186.62856
46.5,-4.75,descending,186.375
46.5,-4.5,descending,186.248
46.5,-4.25,descending,186.19286
46.5,-4.0,descending,186.40166
46.5,-3.75,descending,186.52333
46.5,-3.5,descending,186.45833
46.5,-3.25,descending,186.47
46.5,-3.0,descending,186.66333
46.5,-2.75,descending,186.95833
46.5,-2.5,descending,187.77333
46.5,-2.25,descending,192.17833
46.5,-2.0,descending,200.64
46.5,-1.75,descending,214.70801
46.5,-1.5,descending,225.61714
46.5,-1.25,descending,245.25334
46.5,-1.0,descending,259.87143
46.5,-0.75,descending,268.23398
46.5,-0.5,descending,271.205
46.5,-0.25,descending,271.50497
46.5,-0.0,descending,262.19748
46.5,0.25,descending,272.06
46.5,0.5,descending,272.705
46.5,0.75,descending,273.22165
46.5,1.0,descending,273.66998
46.5,1.25,descending,274.1433
46.5,1.5,descending,274.60428
46.5,1.75,descending,274.93668
46.5,2.0,descending,275.09427
46.5,2.25,descending,275.15665
46.5,2.5,descending,275.22665
46.5,2.75,descending,275.3857
46.5,3.0,descending,275.5957
46.5,3.25,descending,275.48166
46.5,3.5,descending,274.97748
46.5,3.75,descending,274.44168
46.5,4.0,descending,274.54428
46.5,4.25,descending,274.82428
46.5,4.5,descending,273.98776
46.5,4.75,descending,272.98
46.5,5.0,descending,273.4375
46.5,5.25,descending,274.7914
46.5,5.5,descending,275.46
46.5,5.75,descending,274.8625
46.5,6.0,descending,271.94778
46.5,6.25,descending,267.445
46.5,6.5,descending,265.52777
46.5,6.75,descending,267.26553
46.5,7.0,descending,269.103
46.5,7.25,descending,268.676
46.5,7.5,descending,266.848
46.5,7.75,descending,265.61298
46.5,8.0,descending,265.05383
46.5,8.25,descending,264.90848
46.5,8.5,descending,265.53357
46.5,8.75,descending,265.94528
46.5,9.0,descending,265.86948
46.5,9.25,descending,266.4077
46.5,9.5,descending,267.1133
46.5,12.5,descending,277.24
46.5,12.75,descending,277.2775
46.5,13.0,descending,277.58124
46.5,13.25,descending,277.66357
46.5,13.5,descending,277.34583
46.5,13.75,descending,276.7827
46.5,14.0,descending,276.5618
46.5,14.25,descending,276.818
46.5,14.5,descending,277.36887
46.5,14.75,descending,277.97
46.5,15.0,descending,278.3089
46.5,15.25,descending,278.23624
46.5,15.5,descending,277.74667
46.5,15.75,descending,277.19998
46.5,16.0,descending,276.78625
46.5,16.25,descending,276.34778
46.5,16.5,descending,275.80142
46.5,16.75,descending,275.07123
46.5,17.0,descending,274.2214
46.5,17.25,descending,273.41428
46.5,17.5,descending,274.23373
46.5,17.75,descending,274.71164
46.5,18.0,descending,275.28
46.5,18.25,descending,275.22284
46.5,18.5,descending,274.67715
46.5,18.75,descending,273.89166
46.5,19.0,descending,273.69144
46.5,19.25,descending,274.52142
46.5,19.5,descending,275.11832
46.5,19.75,descending,274.594
46.5,20.0,descending,273.3057
46.5,20.25,descending,272.715
46.5,20.5,descending,273.2686
46.5,20.75,descending,273.88498
46.5,21.0,descending,274.328
46.5,21.25,descending,274.694
46.5,21.5,descending,275.07834
46.5,21.75,descending,275.31833
46.5,22.0,descending,275.30832
46.5,22.25,descending,275.11002
46.5,22.5,descending,274.57797
46.5,22.75,descending,273.91666
46.5,23.0,descending,273.41165
46.5,23.25,descending,273.2686
46.5,23.5,descending,273.292
46.5,23.75,descending,273.08
46.5,24.0,descending,272.92
46.5,24.25,descending,272.78
46.5,24.5,descending,272.4714
46.5,24.75,descending,272.41165
46.5,25.0,descending,272.38428
46.5,25.25,descending,272.23666
46.5,25.5,descending,272.105
46.5,25.75,descending,272.2475
46.5,26.0,descending,272.66
46.5,26.25,descending,273.105
46.5,26.5,descending,275.48306
46.5,26.75,descending,275.45456
46.5,27.0,descending,275.41235
46.5,27.25,descending,275.54547
46.5,27.5,descending,276.10684
46.5,27.75,descending,276.17294
46.5,28.0,descending,276.5288
46.5,28.25,descending,276.49686
46.5,28.5,descending,276.61176
46.5,28.75,descending,276.595
46.5,29.0,descending,276.67294
46.5,29.25,descending,276.57187
46.5,29.5,descending,275.92624
46.5,29.75,descending,273.89532
46.5,30.0,descending,267.94354
46.5,30.25,descending,260.442
46.5,30.5,descending,246.14624
46.5,30.75,descending,227.94
46.5,31.0,descending,211.64125
46.5,31.25,descending,209.30267
46.5,31.5,descending,211.12175
46.5,31.75,descending,221.40266
46.5,32.0,descending,235.47118
46.5,32.25,descending,248.25667
46.5,32.5,descending,259.80054
46.5,32.75,descending,263.64056
46.5,33.0,descending,264.1985
46.5,33.25,descending,265.78522
46.5,33.5,descending,266.39218
46.5,33.75,descending,267.4708
46.5,34.0,descending,269.05832
46.5,34.25,descending,264.18
46.5,34.5,descending,260.22427
46.5,34.75,descending,256.55667
46.5,35.0,descending,244.53833
46.5,35.25,descending,229.66713
46.5,35.5,descending,216.31999
46.5,35.75,descending,205.61665
46.5,36.0,descending,199.47667
46.5,36.25,descending,195.93
46.5,36.5,descending,193.33998
46.5,36.75,descending,191.564
46.5,37.0,descending,189.65285
46.5,37.25,descending,189.48334
46.5,37.5,descending,192.61284
46.5,37.75,descending,202.85999
46.5,38.0,descending,217.38666
46.75,-12.0,descending,188.10306
46.75,-11.75,descending,188.12811
46.75,-11.5,descending,188.23286
46.75,-11.25,descending,188.40166
46.75,-11.0,descending,188.54
46.75,-10.75,descending,188.57799
46.75,-10.5,descending,188.498
46.75,-10.25,descending,188.511
46.75,-10.0,descending,188.70111
46.75,-9.75,descending,189.0325
46.75,-9.5,descending,189.06444
46.75,-9.25,descending,188.92429
46.75,-9.0,descending,188.46124
46.75,-8.75,descending,187.90125
46.75,-8.5,descending,187.70285
46.75,-8.25,descending,188.31999
46.75,-8.0,descending,189.33858
46.75,-7.75,descending,189.67714
46.75,-7.5,descending,188.79999
46.75,-7.25,descending,187.85333
46.75,-7.0,descending,187.41142
46.75,-6.75,descending,187.325
46.75,-6.5,descending,187.39624
46.75,-6.25,descending,187.54428
46.75,-6.0,descending,187.602
46.75,-5.75,descending,187.45
46.75,-5.5,descending,187.10428
46.75,-5.25,descending,186.76666
46.75,-5.0,descending,186.54999
46.75,-4.75,descending,186.378
46.75,-4.5,descending,186.30856
46.75,-4.25,descending,186.41833
46.75,-4.0,descending,186.75667
46.75,-3.75,descending,187.022
46.75,-3.5,descending,186.97499
46.75,-3.25,descending,186.79668
46.75,-3.0,descending,186.982
46.75,-2.75,descending,187.74333
46.75,-2.5,descending,191.34999
46.75,-2.25,descending,199.058
46.75,-2.0,descending,217.09999
46.75,-1.75,descending,235.205
46.75,-1.5,descending,251.37666
46.75,-1.25,descending,258.184
46.75,-1.0,descending,266.27997
46.75,-0.75,descending,269.86166
46.75,-0.5,descending,271.25
46.75,-0.25,descending,271.636
46.75,-0.0,descending,262.19998
46.75,0.25,descending,271.92667
46.75,0.5,descending,272.4
46.75,0.75,descending,272.91248
46.75,1.0,descending,273.05832
46.75,1.25,descending,273.34164
46.75,1.5,descending,273.96143
46.75,1.75,descending,274.64334
46.75,2.0,descending,275.15427
46.75,2.25,descending,275.345
46.75,2.5,descending,275.425
46.75,2.75,descending,275.56284
46.75,3.0,descending,275.74667
46.75,3.25,descending,275.69714
46.75,3.5,descending,275.466
46.75,3.75,descending,275.21286
46.75,4.0,descending,275.28287
46.75,4.25,descending,275.064
46.75,4.5,descending,274.2914
46.75,4.75,descending,273.28
46.75,5.0,descending,273.46857
46.75,5.25,descending,274.48166
46.75,5.5,descending,275.17224
46.75,5.75,descending,274.81168
46.75,6.0,descending,272.4875
46.75,6.25,descending,269.34
46.75,6.5,descending,268.77
46.75,6.75,descending,270.02713
46.75,7.0,descending,271.18887
46.75,7.25,descending,271.034
46.75,7.5,descending,269.38397
46.75,7.75,descending,267.653
46.75,8.0,descending,266.1527
46.75,8.25,descending,264.552
46.75,8.5,descending,264.13248
46.75,8.75,descending,264.49857
46.75,9.0,descending,265.54266
46.75,9.25,descending,266.92722
46.75,9.5,descending,268.115
46.75,12.75,descending,276.26187
46.75,13.0,descending,276.55133
46.75,13.25,descending,276.9723
46.75,13.5,descending,277.35666
46.75,13.75,descending,277.44363
46.75,14.0,descending,277.27908
46.75,14.25,descending,277.267
46.75,14.5,descending,277.38333
46.75,14.75,descending,277.83557
46.75,15.0,descending,278.284
46.75,15.25,descending,278.2825
46.75,15.5,descending,277.775
46.75,15.75,descending,277.22714
46.75,16.0,descending,276.8514
46.75,16.25,descending,276.6857
46.75,16.5,descending,276.50375
46.75,16.75,descending,275.97333
46.75,17.0,descending,274.19427
46.75,17.25,descending,271.35333
46.75,17.5,descending,269.19144
46.75,17.75,descending,269.53
46.75,18.0,descending,272.10284
46.75,18.25,descending,273.84833
46.75,18.5,descending,274.605
46.75,18.75,descending,274.164
46.75,19.0,descending,273.85
46.75,19.25,descending,274.556
46.75,19.5,descending,275.16666
46.75,19.75,descending,274.62167
46.75,20.0,descending,273.26
46.75,20.25,descending,272.56332
46.75,20.5,descending,273.06168
46.75,20.75,descending,273.642
46.75,21.0,descending,274.05167
46.75,21.25,descending,274.45667
46.75,21.5,descending,274.80402
46.75,21.75,descending,275.16833
46.75,22.0,descending,275.37833
46.75,22.25,descending,275.25998
46.75,22.5,descending,274.84857
46.75,22.75,descending,274.064
46.75,23.0,descending,273.4883
46.75,23.25,descending,273.25
46.75,23.5,descending,273.19427
46.75,23.75,descending,273.0175
46.75,24.0,descending,272.77
46.75,24.25,descending,272.53333
46.75,24.5,descending,272.306
46.75,24.75,descending,272.406
46.75,25.0,descending,272.5257
46.75,25.25,descending,272.34164
46.75,25.5,descending,272.24142
46.75,25.75,descending,272.45166
46.75,26.0,descending,272.95428
46.75,26.25,descending,273.37833
46.75,26.5,descending,274.64334
46.75,26.75,descending,275.70316
46.75,27.0,descending,275.777
46.75,27.25,descending,276.1255
46.75,27.5,descending,276.64612
46.75,27.75,descending,276.72116
46.75,28.0,descending,276.87436
46.75,28.25,descending,276.68625
46.75,28.5,descending,276.61688
46.75,28.75,descending,276.50266
46.75,29.0,descending,276.63077
46.75,29.25,descending,276.53265
46.75,29.5,descending,276.11197
46.75,29.75,descending,274.956
46.75,30.0,descending,272.588
46.75,30.25,descending,268.97284
46.75,30.5,descending,261.42355
46.75,30.75,descending,251.54213
46.75,31.0,descending,241.8225
46.75,31.25,descending,236.312
46.75,31.5,descending,236.32399
46.75,31.75,descending,242.704
46.75,32.0,descending,251.32437
46.75,32.25,descending,261.26874
46.75,32.5,descending,268.7494
46.75,32.75,descending,271.27188
46.75,33.0,descending,272.19223
46.75,33.25,descending,271.34055
46.75,33.5,descending,270.82056
46.75,33.75,descending,271.49545
46.75,34.0,descending,272.85422
46.75,34.25,descending,272.85843
46.75,34.5,descending,269.42166
46.75,34.75,descending,268.63333
46.75,35.0,descending,263.77664
46.75,35.25,descending,255.76799
46.75,35.5,descending,243.08667
46.75,35.75,descending,237.36198
46.75,36.0,descending,225.77498
46.75,36.25,descending,218.87831
46.75,36.5,descending,212.7
46.75,36.75,descending,207.14833
46.75,37.0,descending,201.03166
46.75,37.25,descending,195.324
46.75,37.5,descending,195.62999
46.75,37.75,descending,202.93666
46.75,38.0,descending,212.97667
47.0,-12.0,descending,188.253
47.0,-11.75,descending,188.33562
47.0,-11.5,descending,188.43999
47.0,-11.25,descending,188.54614
47.0,-11.0,descending,188.65416
47.0,-10.75,descending,188.63727
47.0,-10.5,descending,188.54
47.0,-10.25,descending,188.49889
47.0,-10.0,descending,188.787
47.0,-9.75,descending,189.31874
47.0,-9.5,descending,189.67899
47.0,-9.25,descending,189.35374
47.0,-9.0,descending,188.4525
47.0,-8.75,descending,187.7525
47.0,-8.5,descending,187.36624
47.0,-8.25,descending,187.52222
47.0,-8.0,descending,188.26857
47.0,-7.75,descending,188.77856
47.0,-7.5,descending,188.83427
47.0,-7.25,descending,188.18713
47.0,-7.0,descending,187.65498
47.0,-6.75,descending,187.37428
47.0,-6.5,descending,187.09666
47.0,-6.25,descending,186.86499
47.0,-6.0,descending,186.8275
47.0,-5.75,descending,186.89285
47.0,-5.5,descending,187.135
47.0,-5.25,descending,187.06999
47.0,-5.0,descending,186.92332
47.0,-4.75,descending,186.83333
47.0,-4.5,descending,186.94714
47.0,-4.25,descending,186.96199
47.0,-4.0,descending,187.165
47.0,-3.75,descending,187.59856
47.0,-3.5,descending,187.995
47.0,-3.25,descending,187.77
47.0,-3.0,descending,187.8757
47.0,-2.75,descending,189.76666
47.0,-2.5,descending,195.11333
47.0,-2.25,descending,210.83286
47.0,-2.0,descending,233.39
47.0,-1.75,descending,252.42332
47.0,-1.5,descending,262.69168
47.0,-1.25,descending,267.68668
47.0,-1.0,descending,269.26666
47.0,-0.75,descending,271.23285
47.0,-0.5,descending,271.81833
47.0,-0.25,descending,271.95334
47.0,-0.0,descending,250.39856
47.0,0.25,descending,272.13428
47.0,0.5,descending,272.52335
47.0,0.75,descending,272.92667
47.0,1.0,descending,272.99832
47.0,1.25,descending,273.03
47.0,1.5,descending,273.4725
47.0,1.75,descending,274.025
47.0,2.0,descending,274.648
47.0,2.25,descending,274.98
47.0,2.5,descending,275.2333
47.0,2.75,descending,275.31
47.0,3.0,descending,275.53165
47.0,3.25,descending,275.88858
47.0,3.5,descending,276.11
47.0,3.75,descending,276.12997
47.0,4.0,descending,276.13333
47.0,4.25,descending,275.6025
47.0,4.5,descending,274.65332
47.0,4.75,descending,273.60498
47.0,5.0,descending,273.34857
47.0,5.25,descending,274.0975
47.0,5.5,descending,274.97858
47.0,5.75,descending,275.24
47.0,6.0,descending,274.31
47.0,6.25,descending,273.455
47.0,6.5,descending,272.1311
47.0,6.75,descending,271.6089
47.0,7.0,descending,272.1378
47.0,7.25,descending,272.9471
47.0,7.5,descending,272.81097
47.0,7.75,descending,271.531
47.0,8.0,descending,268.9023
47.0,8.25,descending,265.898
47.0,8.5,descending,264.95847
47.0,8.75,descending,265.96692
47.0,9.0,descending,267.258
47.0,9.25,descending,268.5753
47.0,9.5,descending,269.19086
47.0,9.75,descending,269.5
47.0,12.75,descending,273.90384
47.0,13.0,descending,274.01187
47.0,13.25,descending,274.43286
47.0,13.5,descending,275.2577
47.0,13.75,descending,276.12668
47.0,14.0,descending,277.04816
47.0,14.25,descending,277.66888
47.0,14.5,descending,278.15546
47.0,14.75,descending,278.38556
47.0,15.0,descending,278.28552
47.0,15.25,descending,277.9522
47.0,15.5,descending,277.39874
47.0,15.75,descending,277.0122
47.0,16.0,descending,276.91223
47.0,16.25,descending,276.95285
47.0,16.5,descending,277.0575
47.0,16.75,descending,277.02
47.0,17.0,descending,276.05
47.0,17.25,descending,273.9943
47.0,17.5,descending,270.60284
47.0,17.75,descending,266.21573
47.0,18.0,descending,266.16
47.0,18.25,descending,270.21
47.0,18.5,descending,272.9643
47.0,18.75,descending,273.6743
47.0,19.0,descending,273.645
47.0,19.25,descending,274.14572
47.0,19.5,descending,274.82428
47.0,19.75,descending,274.5
47.0,20.0,descending,273.295
47.0,20.25,descending,272.355
47.0,20.5,descending,272.79666
47.0,20.75,descending,273.62997
47.0,21.0,descending,274.07855
47.0,21.25,descending,274.31332
47.0,21.5,descending,274.55283
47.0,21.75,descending,274.97833
47.0,22.0,descending,275.27167
47.0,22.25,descending,275.21
47.0,22.5,descending,274.892
47.0,22.75,descending,274.40665
47.0,23.0,descending,273.77713
47.0,23.25,descending,273.414
47.0,23.5,descending,273.21
47.0,23.75,descending,273.01334
47.0,24.0,descending,272.80832
47.0,24.25,descending,272.56
47.0,24.5,descending,272.37833
47.0,24.75,descending,272.59332
47.0,25.0,descending,272.8425
47.0,25.25,descending,272.77426
47.0,25.5,descending,272.65833
47.0,25.75,descending,272.82333
47.0,26.0,descending,273.10284
47.0,26.25,descending,273.38666
47.0,26.5,descending,273.60498
47.0,26.75,descending,275.77304
47.0,27.0,descending,276.00772
47.0,27.25,descending,276.253
47.0,27.5,descending,276.71
47.0,27.75,descending,276.93835
47.0,28.0,descending,277.155
47.0,28.25,descending,276.8481
47.0,28.5,descending,276.3294
47.0,28.75,descending,276.02936
47.0,29.0,descending,276.1275
47.0,29.25,descending,275.80188
47.0,29.5,descending,275.83334
47.0,29.75,descending,275.638
47.0,30.0,descending,275.32666
47.0,30.25,descending,274.03867
47.0,30.5,descending,270.34732
47.0,30.75,descending,266.52133
47.0,31.0,descending,263.76874
47.0,31.25,descending,262.78076
47.0,31.5,descending,261.7894
47.0,31.75,descending,262.095
47.0,32.0,descending,265.5642
47.0,32.25,descending,268.48215
47.0,32.5,descending,271.498
47.0,32.75,descending,273.2188
47.0,33.0,descending,272.99057
47.0,33.25,descending,271.25632
47.0,33.5,descending,269.19
47.0,33.75,descending,269.34048
47.0,34.0,descending,271.45126
47.0,34.25,descending,272.08463
47.0,34.5,descending,271.64908
47.0,34.75,descending,270.97333
47.0,35.0,descending,269.90997
47.0,35.25,descending,267.605
47.0,35.5,descending,264.09283
47.0,35.75,descending,260.69498
47.0,36.0,descending,254.98833
47.0,36.25,descending,249.22667
47.0,36.5,descending,243.47333
47.0,36.75,descending,236.98999
47.0,37.0,descending,228.70166
47.0,37.25,descending,219.43
47.0,37.5,descending,208.19331
47.0,37.75,descending,211.02713
47.0,38.0,descending,214.87334
47.25,-12.0,descending,188.18875
47.25,-11.75,descending,188.26187
47.25,-11.5,descending,188.38693
47.25,-11.25,descending,188.51
47.25,-11.0,descending,188.545
47.25,-10.75,descending,188.462
47.25,-10.5,descending,188.254
47.25,-10.25,descending,188.191
47.25,-10.0,descending,188.28099
47.25,-9.75,descending,188.58
47.25,-9.5,descending,188.8375
47.25,-9.25,descending,189.0275
47.25,-9.0,descending,188.61665
47.25,-8.75,descending,187.87143
47.25,-8.5,descending,187.46571
47.25,-8.25,descending,187.28285
47.25,-8.0,descending,187.33571
47.25,-7.75,descending,187.51857
47.25,-7.5,descending,187.81999
47.25,-7.25,descending,187.89667
47.25,-7.0,descending,187.77428
47.25,-6.75,descending,187.4
47.25,-6.5,descending,186.85857
47.25,-6.25,descending,186.37334
47.25,-6.0,descending,186.145
47.25,-5.75,descending,186.29199
47.25,-5.5,descending,186.79167
47.25,-5.25,descending,187.33
47.25,-5.0,descending,187.51143
47.25,-4.75,descending,187.53833
47.25,-4.5,descending,187.69167
47.25,-4.25,descending,187.74165
47.25,-4.0,descending,188.105
47.25,-3.75,descending,188.562
47.25,-3.5,descending,190.09143
47.25,-3.25,descending,191.55833
47.25,-3.0,descending,192.72
47.25,-2.75,descending,195.63998
47.25,-2.5,descending,206.27998
47.25,-2.25,descending,224.246
47.25,-2.0,descending,241.53667
47.25,-1.75,descending,260.43
47.25,-1.5,descending,267.42166
47.25,-1.25,descending,270.552
47.25,-1.0,descending,271.33167
47.25,-0.75,descending,271.67798
47.25,-0.5,descending,272.07
47.25,-0.25,descending,272.17715
47.25,-0.0,descending,259.73666
47.25,0.25,descending,272.25
47.25,0.5,descending,272.555
47.25,0.75,descending,273.03
47.25,1.0,descending,273.31
47.25,1.25,descending,273.30832
47.25,1.5,descending,273.41714
47.25,1.75,descending,273.65833
47.25,2.0,descending,274.01428
47.25,2.25,descending,274.31833
47.25,2.5,descending,274.58835
47.25,2.75,descending,274.82285
47.25,3.0,descending,275.33664
47.25,3.25,descending,276.06
47.25,3.5,descending,276.58334
47.25,3.75,descending,276.73166
47.25,4.0,descending,276.63284
47.25,4.25,descending,276.13666
47.25,4.5,descending,275.27142
47.25,4.75,descending,274.21143
47.25,5.0,descending,273.655
47.25,5.25,descending,274.02856
47.25,5.5,descending,274.83142
47.25,5.75,descending,275.44833
47.25,6.0,descending,275.5075
47.25,6.25,descending,274.95428
47.25,6.5,descending,273.7975
47.25,6.75,descending,272.92142
47.25,7.0,descending,273.50888
47.25,7.25,descending,274.57874
47.25,7.5,descending,274.85623
47.25,7.75,descending,273.77777
47.25,8.0,descending,271.125
47.25,8.25,descending,268.13544
47.25,8.5,descending,267.5491
47.25,8.75,descending,268.41846
47.25,9.0,descending,269.45
47.25,9.25,descending,269.534
47.25,9.5,descending,269.07156
47.25,9.75,descending,269.5075
47.25,12.75,descending,274.57556
47.25,13.0,descending,274.08624
47.25,13.25,descending,274.04715
47.25,13.5,descending,274.4092
47.25,13.75,descending,274.82272
47.25,14.0,descending,275.76727
47.25,14.25,descending,276.85498
47.25,14.5,descending,277.59
47.25,14.75,descending,278.23874
47.25,15.0,descending,278.53888
47.25,15.25,descending,278.37
47.25,15.5,descending,277.8925
47.25,15.75,descending,277.5843
47.25,16.0,descending,277.23123
47.25,16.25,descending,277.11374
47.25,16.5,descending,277.07712
47.25,16.75,descending,277.21286
47.25,17.0,descending,277.42572
47.25,17.25,descending,277.29715
47.25,17.5,descending,275.82166
47.25,17.75,descending,273.0957
47.25,18.0,descending,269.45667
47.25,18.25,descending,269.055
47.25,18.5,descending,271.23666
47.25,18.75,descending,272.698
47.25,19.0,descending,273.03876
47.25,19.25,descending,273.802
47.25,19.5,descending,274.66333
47.25,19.75,descending,274.728
47.25,20.0,descending,273.63998
47.25,20.25,descending,272.59335
47.25,20.5,descending,272.63165
47.25,20.75,descending,273.47333
47.25,21.0,descending,274.06497
47.25,21.25,descending,274.3583
47.25,21.5,descending,274.456
47.25,21.75,descending,274.656
47.25,22.0,descending,275.0533
47.25,22.25,descending,275.16
47.25,22.5,descending,275.00333
47.25,22.75,descending,274.61
47.25,23.0,descending,274.178
47.25,23.25,descending,273.68668
47.25,23.5,descending,273.47
47.25,23.75,descending,273.24832
47.25,24.0,descending,273.03333
47.25,24.25,descending,272.826
47.25,24.5,descending,272.688
47.25,24.75,descending,272.93283
47.25,25.0,descending,273.21
47.25,25.25,descending,273.22
47.25,25.5,descending,273.31665
47.25,25.75,descending,273.45667
47.25,26.0,descending,273.36142
47.25,26.25,descending,273.285
47.25,26.5,descending,273.19284
47.25,26.75,descending,275.78772
47.25,27.0,descending,276.03333
47.25,27.25,descending,276.2265
47.25,27.5,descending,276.57895
47.25,27.75,descending,276.83765
47.25,28.0,descending,277.00748
47.25,28.25,descending,276.92874
47.25,28.5,descending,276.45374
47.25,28.75,descending,275.94733
47.25,29.0,descending,275.42438
47.25,29.25,descending,275.2454
47.25,29.5,descending,275.62857
47.25,29.75,descending,275.50928
47.25,30.0,descending,275.56784
47.25,30.25,descending,275.35712
47.25,30.5,descending,274.71786
47.25,30.75,descending,273.43933
47.25,31.0,descending,273.2333
47.25,31.25,descending,272.91882
47.25,31.5,descending,272.00214
47.25,31.75,descending,271.8506
47.25,32.0,descending,272.09152
47.25,32.25,descending,273.02426
47.25,32.5,descending,273.9547
47.25,32.75,descending,274.08813
47.25,33.0,descending,273.54352
47.25,33.25,descending,271.69998
47.25,33.5,descending,268.3479
47.25,33.75,descending,265.57578
47.25,34.0,descending,265.34393
47.25,34.25,descending,266.7764
47.25,34.5,descending,265.7383
47.25,34.75,descending,267.93332
47.25,35.0,descending,267.02124
47.25,35.25,descending,269.142
47.25,35.5,descending,270.36832
47.25,35.75,descending,270.276
47.25,36.0,descending,269.17
47.25,36.25,descending,266.61002
47.25,36.5,descending,264.86667
47.25,36.75,descending,263.262
47.25,37.0,descending,257.12833
47.25,37.25,descending,247.45401
47.25,37.5,descending,239.66833
47.25,37.75,descending,234.48001
47.25,38.0,descending,232.63666
47.5,-12.0,descending,188.1375
47.5,-11.75,descending,188.215
47.5,-11.5,descending,188.34
47.5,-11.25,descending,188.44077
47.5,-11.0,descending,188.50816
47.5,-10.75,descending,188.37181
47.5,-10.5,descending,188.125
47.5,-10.25,descending,187.898
47.5,-10.0,descending,187.85555
47.5,-9.75,descending,188.00223
47.5,-9.5,descending,188.09555
47.5,-9.25,descending,188.30124
47.5,-9.0,descending,188.61
47.5,-8.75,descending,188.56125
47.5,-8.5,descending,188.08333
47.5,-8.25,descending,187.55142
47.5,-8.0,descending,187.21999
47.5,-7.75,descending,187.00716
47.5,-7.5,descending,186.99284
47.5,-7.25,descending,187.25285
47.5,-7.0,descending,187.46428
47.5,-6.75,descending,187.44832
47.5,-6.5,descending,186.88571
47.5,-6.25,descending,186.23833
47.5,-6.0,descending,185.94832
47.5,-5.75,descending,186.00713
47.5,-5.5,descending,186.54
47.5,-5.25,descending,187.38332
47.5,-5.0,descending,188.06334
47.5,-4.75,descending,188.39667
47.5,-4.5,descending,189.338
47.5,-4.25,descending,190.20999
47.5,-4.0,descending,191.96666
47.5,-3.75,descending,193.72499
47.5,-3.5,descending,198.555
47.5,-3.25,descending,202.53667
47.5,-3.0,descending,204.92168
47.5,-2.75,descending,212.25856
47.5,-2.5,descending,226.11665
47.5,-2.25,descending,239.372
47.5,-2.0,descending,254.10834
47.5,-1.75,descending,264.81
47.5,-1.5,descending,270.15
47.5,-1.25,descending,271.305
47.5,-1.0,descending,271.71167
47.5,-0.75,descending,271.755
47.5,-0.5,descending,271.99
47.5,-0.25,descending,272.23
47.5,-0.0,descending,262.97626
47.5,0.25,descending,272.27164
47.5,0.5,descending,272.465
47.5,0.75,descending,272.84
47.5,1.0,descending,273.38165
47.5,1.25,descending,273.59
47.5,1.5,descending,273.48712
47.5,1.75,descending,273.35666
47.5,2.0,descending,273.51572
47.5,2.25,descending,273.72998
47.5,2.5,descending,273.98166
47.5,2.75,descending,274.345
47.5,3.0,descending,275.04144
47.5,3.25,descending,275.93167
47.5,3.5,descending,276.6257
47.5,3.75,descending,276.88333
47.5,4.0,descending,276.68332
47.5,4.25,descending,276.27124
47.5,4.5,descending,275.76285
47.5,4.75,descending,275.03333
47.5,5.0,descending,274.33624
47.5,5.25,descending,274.36142
47.5,5.5,descending,274.8643
47.5,5.75,descending,275.51123
47.5,6.0,descending,275.78998
47.5,6.25,descending,275.58374
47.5,6.5,descending,274.95374
47.5,6.75,descending,274.5
47.5,7.0,descending,274.52332
47.5,7.25,descending,274.86444
47.5,7.5,descending,274.912
47.5,7.75,descending,274.29874
47.5,8.0,descending,272.861
47.5,8.25,descending,271.188
47.5,8.5,descending,270.9875
47.5,8.75,descending,270.91635
47.5,9.0,descending,268.9569
47.5,9.25,descending,265.63266
47.5,9.5,descending,266.03882
47.5,9.75,descending,269.32147
47.5,10.0,descending,271.23215
47.5,12.75,descending,276.926
47.5,13.0,descending,276.65588
47.5,13.25,descending,276.3633
47.5,13.5,descending,276.24667
47.5,13.75,descending,276.00333
47.5,14.0,descending,276.22546
47.5,14.25,descending,276.6909
47.5,14.5,descending,277.40097
47.5,14.75,descending,277.926
47.5,15.0,descending,278.22888
47.5,15.25,descending,278.5489
47.5,15.5,descending,278.75897
47.5,15.75,descending,278.69
47.5,16.0,descending,278.4943
47.5,16.25,descending,278.02374
47.5,16.5,descending,277.235
47.5,16.75,descending,276.84665
47.5,17.0,descending,277.00873
47.5,17.25,descending,277.3457
47.5,17.5,descending,277.23624
47.5,17.75,descending,276.8633
47.5,18.0,descending,275.40286
47.5,18.25,descending,273.98856
47.5,18.5,descending,273.0
47.5,18.75,descending,273.15
47.5,19.0,descending,272.98666
47.5,19.25,descending,273.41333
47.5,19.5,descending,274.39832
47.5,19.75,descending,274.8943
47.5,20.0,descending,274.45
47.5,20.25,descending,273.2333
47.5,20.5,descending,272.11667
47.5,20.75,descending,272.56165
47.5,21.0,descending,273.616
47.5,21.25,descending,274.175
47.5,21.5,descending,274.43167
47.5,21.75,descending,274.61142
47.5,22.0,descending,274.865
47.5,22.25,descending,275.08667
47.5,22.5,descending,275.17715
47.5,22.75,descending,275.085
47.5,23.0,descending,274.69998
47.5,23.25,descending,274.17
47.5,23.5,descending,273.86713
47.5,23.75,descending,273.62
47.5,24.0,descending,273.4283
47.5,24.25,descending,273.17667
47.5,24.5,descending,273.03165
47.5,24.75,descending,273.13333
47.5,25.0,descending,273.38498
47.5,25.25,descending,273.5014
47.5,25.5,descending,273.66998
47.5,25.75,descending,273.755
47.5,26.0,descending,273.48856
47.5,26.25,descending,273.17334
47.5,26.5,descending,273.2614
47.5,26.75,descending,275.86737
47.5,27.0,descending,276.2191
47.5,27.25,descending,276.2175
47.5,27.5,descending,276.4039
47.5,27.75,descending,276.59167
47.5,28.0,descending,276.7389
47.5,28.25,descending,276.80197
47.5,28.5,descending,276.82312
47.5,28.75,descending,276.12292
47.5,29.0,descending,275.638
47.5,29.25,descending,275.17938
47.5,29.5,descending,275.1647
47.5,29.75,descending,275.56067
47.5,30.0,descending,275.20248
47.5,30.25,descending,275.00867
47.5,30.5,descending,275.34198
47.5,30.75,descending,274.89713
47.5,31.0,descending,274.81723
47.5,31.25,descending,274.18582
47.5,31.5,descending,274.295
47.5,31.75,descending,273.30917
47.5,32.0,descending,273.90054
47.5,32.25,descending,274.53067
47.5,32.5,descending,274.21124
47.5,32.75,descending,274.27
47.5,33.0,descending,273.666
47.5,33.25,descending,272.11932
47.5,33.5,descending,268.6342
47.5,33.75,descending,263.3872
47.5,34.0,descending,258.6859
47.5,34.25,descending,258.0339
47.5,34.5,descending,256.93216
47.5,34.75,descending,254.15645
47.5,35.0,descending,257.00998
47.5,35.25,descending,262.03598
47.5,35.5,descending,268.52832
47.5,35.75,descending,271.69
47.5,36.0,descending,272.125
47.5,36.25,descending,271.84665
47.5,36.5,descending,271.66833
47.5,36.75,descending,271.00333
47.5,37.0,descending,269.676
47.5,37.25,descending,266.12714
47.5,37.5,descending,263.55
47.5,37.75,descending,258.47833
47.5,38.0,descending,256.84
47.75,-12.0,descending,188.44
47.75,-11.75,descending,188.54187
47.75,-11.5,descending,188.65134
47.75,-11.25,descending,188.52155
47.75,-11.0,descending,188.33308
47.75,-10.75,descending,188.11182
47.75,-10.5,descending,187.883
47.75,-10.25,descending,187.59299
47.75,-10.0,descending,187.43443
47.75,-9.75,descending,187.3211
47.75,-9.5,descending,187.26111
47.75,-9.25,descending,187.3775
47.75,-9.0,descending,187.91875
47.75,-8.75,descending,188.52856
47.75,-8.5,descending,188.50334
47.75,-8.25,descending,187.98125
47.75,-8.0,descending,187.39714
47.75,-7.75,descending,187.09285
47.75,-7.5,descending,186.90501
47.75,-7.25,descending,186.86
47.75,-7.0,descending,186.98
47.75,-6.75,descending,187.06142
47.75,-6.5,descending,186.90285
47.75,-6.25,descending,186.46999
47.75,-6.0,descending,186.11665
47.75,-5.75,descending,186.12334
47.75,-5.5,descending,186.56
47.75,-5.25,descending,187.49199
47.75,-5.0,descending,189.18
47.75,-4.75,descending,192.09833
47.75,-4.5,descending,197.64714
47.75,-4.25,descending,202.67
47.75,-4.0,descending,205.48398
47.75,-3.75,descending,209.73999
47.75,-3.5,descending,215.00601
47.75,-3.25,descending,223.18166
47.75,-3.0,descending,229.94331
47.75,-2.75,descending,236.99199
47.75,-2.5,descending,246.46
47.75,-2.25,descending,257.61002
47.75,-2.0,descending,264.56998
47.75,-1.75,descending,269.42798
47.75,-1.5,descending,271.22665
47.75,-1.25,descending,271.97
47.75,-1.0,descending,272.16333
47.75,-0.75,descending,272.04166
47.75,-0.5,descending,272.02832
47.75,-0.25,descending,272.28748
47.75,-0.0,descending,261.84857
47.75,0.25,descending,272.455
47.75,0.5,descending,272.53165
47.75,0.75,descending,272.785
47.75,1.0,descending,273.16
47.75,1.25,descending,273.40286
47.75,1.5,descending,273.31998
47.75,1.75,descending,273.245
47.75,2.0,descending,273.46713
47.75,2.25,descending,273.74332
47.75,2.5,descending,273.96335
47.75,2.75,descending,274.24167
47.75,3.0,descending,274.73856
47.75,3.25,descending,275.38168
47.75,3.5,descending,276.1057
47.75,3.75,descending,276.48
47.75,4.0,descending,276.29
47.75,4.25,descending,275.99
47.75,4.5,descending,275.92166
47.75,4.75,descending,275.57858
47.75,5.0,descending,275.15
47.75,5.25,descending,274.96573
47.75,5.5,descending,275.18997
47.75,5.75,descending,275.68427
47.75,6.0,descending,275.89124
47.75,6.25,descending,275.88858
47.75,6.5,descending,275.7675
47.75,6.75,descending,275.385
47.75,7.0,descending,274.905
47.75,7.25,descending,274.64374
47.75,7.5,descending,274.8889
47.75,7.75,descending,275.1575
47.75,8.0,descending,274.9
47.75,8.25,descending,274.279
47.75,8.5,descending,273.61667
47.75,8.75,descending,270.96725
47.75,9.0,descending,266.7546
47.75,9.25,descending,265.36832
47.75,9.5,descending,268.4
47.75,9.75,descending,271.94467
47.75,10.0,descending,272.9418
47.75,10.25,descending,272.874
47.75,12.75,descending,277.485
47.75,13.0,descending,277.43942
47.75,13.25,descending,277.18643
47.75,13.5,descending,276.81384
47.75,13.75,descending,276.6825
47.75,14.0,descending,276.9909
47.75,14.25,descending,277.682
47.75,14.5,descending,278.378
47.75,14.75,descending,278.96
47.75,15.0,descending,278.95
47.75,15.25,descending,278.95248
47.75,15.5,descending,279.18857
47.75,15.75,descending,279.49124
47.75,16.0,descending,279.43375
47.75,16.25,descending,278.61856
47.75,16.5,descending,276.91998
47.75,16.75,descending,275.68875
47.75,17.0,descending,275.60165
47.75,17.25,descending,276.08286
47.75,17.5,descending,276.065
47.75,17.75,descending,276.38428
47.75,18.0,descending,276.27713
47.75,18.25,descending,275.80402
47.75,18.5,descending,275.06284
47.75,18.75,descending,274.59665
47.75,19.0,descending,274.13165
47.75,19.25,descending,273.9243
47.75,19.5,descending,274.52426
47.75,19.75,descending,274.94498
47.75,20.0,descending,274.85666
47.75,20.25,descending,274.126
47.75,20.5,descending,272.79166
47.75,20.75,descending,271.90164
47.75,21.0,descending,272.595
47.75,21.25,descending,273.59665
47.75,21.5,descending,274.44333
47.75,21.75,descending,274.74
47.75,22.0,descending,274.81332
47.75,22.25,descending,274.83667
47.75,22.5,descending,274.96198
47.75,22.75,descending,275.19498
47.75,23.0,descending,275.068
47.75,23.25,descending,274.57333
47.75,23.5,descending,274.09
47.75,23.75,descending,273.83334
47.75,24.0,descending,273.65
47.75,24.25,descending,273.50168
47.75,24.5,descending,273.34833
47.75,24.75,descending,273.3025
47.75,25.0,descending,273.53287
47.75,25.25,descending,273.80502
47.75,25.5,descending,273.85165
47.75,25.75,descending,273.58798
47.75,26.0,descending,273.1925
47.75,26.25,descending,273.10165
47.75,26.5,descending,273.41714
47.75,26.75,descending,275.77188
47.75,27.0,descending,276.1577
47.75,27.25,descending,276.104
47.75,27.5,descending,276.12576
47.75,27.75,descending,276.34436
47.75,28.0,descending,276.30777
47.75,28.25,descending,276.474
47.75,28.5,descending,276.5931
47.75,28.75,descending,276.33398
47.75,29.0,descending,275.72
47.75,29.25,descending,275.13666
47.75,29.5,descending,274.83383
47.75,29.75,descending,274.6993
47.75,30.0,descending,274.95428
47.75,30.25,descending,274.57428
47.75,30.5,descending,274.46286
47.75,30.75,descending,274.15286
47.75,31.0,descending,273.4223
47.75,31.25,descending,273.28177
47.75,31.5,descending,273.06
47.75,31.75,descending,273.0375
47.75,32.0,descending,273.76532
47.75,32.25,descending,273.18066
47.75,32.5,descending,273.98248
47.75,32.75,descending,274.58615
47.75,33.0,descending,273.5806
47.75,33.25,descending,272.30438
47.75,33.5,descending,270.4511
47.75,33.75,descending,265.79056
47.75,34.0,descending,262.37314
47.75,34.25,descending,259.935
47.75,34.5,descending,257.64304
47.75,34.75,descending,255.63638
47.75,35.0,descending,254.75
47.75,35.25,descending,256.22
47.75,35.5,descending,264.56168
47.75,35.75,descending,270.455
47.75,36.0,descending,272.10858
47.75,36.25,descending,272.294
47.75,36.5,descending,272.35
47.75,36.75,descending,272.352
47.75,37.0,descending,272.145
47.75,37.25,descending,271.666
47.75,37.5,descending,271.17166
47.75,37.75,descending,270.6433
47.75,38.0,descending,269.9233
48.0,-11.75,descending,188.39429
48.0,-11.5,descending,188.42625
48.0,-11.25,descending,188.26
48.0,-11.0,descending,187.93584
48.0,-10.75,descending,187.57545
48.0,-10.5,descending,187.33818
48.0,-10.25,descending,187.17778
48.0,-10.0,descending,187.099
48.0,-9.75,descending,186.99554
48.0,-9.5,descending,186.885
48.0,-9.25,descending,186.765
48.0,-9.0,descending,186.81778
48.0,-8.75,descending,187.26375
48.0,-8.5,descending,187.68
48.0,-8.25,descending,187.70714
48.0,-8.0,descending,187.5725
48.0,-7.75,descending,187.39
48.0,-7.5,descending,187.3875
48.0,-7.25,descending,187.22
48.0,-7.0,descending,186.93889
48.0,-6.75,descending,186.76599
48.0,-6.5,descending,186.69499
48.0,-6.25,descending,186.52713
48.0,-6.0,descending,186.37285
48.0,-5.75,descending,186.33833
48.0,-5.5,descending,186.59142
48.0,-5.25,descending,187.85715
48.0,-5.0,descending,191.84143
48.0,-4.75,descending,199.63167
48.0,-4.5,descending,209.36198
48.0,-4.25,descending,222.34799
48.0,-4.0,descending,229.15
48.0,-3.75,descending,238.17499
48.0,-3.5,descending,242.57332
48.0,-3.25,descending,249.23398
48.0,-3.0,descending,254.75
48.0,-2.75,descending,259.6014
48.0,-2.5,descending,264.36667
48.0,-2.25,descending,266.6
48.0,-2.0,descending,270.01166
48.0,-1.75,descending,271.29
48.0,-1.5,descending,272.005
48.0,-1.25,descending,272.245
48.0,-1.0,descending,272.35666
48.0,-0.75,descending,272.25
48.0,-0.5,descending,272.18332
48.0,-0.25,descending,272.33167
48.0,-0.0,descending,260.08835
48.0,0.25,descending,272.65164
48.0,0.5,descending,272.87714
48.0,0.75,descending,273.00168
48.0,1.0,descending,273.01498
48.0,1.25,descending,272.96286
48.0,1.5,descending,273.01166
48.0,1.75,descending,273.29666
48.0,2.0,descending,273.89572
48.0,2.25,descending,274.41333
48.0,2.5,descending,274.59167
48.0,2.75,descending,274.58167
48.0,3.0,descending,274.59857
48.0,3.25,descending,274.87167
48.0,3.5,descending,275.426
48.0,3.75,descending,275.74
48.0,4.0,descending,275.51834
48.0,4.25,descending,275.21143
48.0,4.5,descending,275.34
48.0,4.75,descending,275.56
48.0,5.0,descending,275.57123
48.0,5.25,descending,275.44998
48.0,5.5,descending,275.51126
48.0,5.75,descending,275.8643
48.0,6.0,descending,276.08142
48.0,6.25,descending,276.285
48.0,6.5,descending,276.46375
48.0,6.75,descending,276.35248
48.0,7.0,descending,275.58112
48.0,7.25,descending,275.03854
48.0,7.5,descending,275.18665
48.0,7.75,descending,276.05554
48.0,8.0,descending,276.61444
48.0,8.25,descending,276.49298
48.0,8.5,descending,275.501
48.0,8.75,descending,273.1782
48.0,9.0,descending,271.31747
48.0,9.25,descending,272.21307
48.0,9.5,descending,273.37933
48.0,9.75,descending,274.11563
48.0,10.0,descending,273.75854
48.0,10.25,descending,273.57104
48.0,13.0,descending,277.66998
48.0,13.25,descending,277.48132
48.0,13.5,descending,277.0523
48.0,13.75,descending,276.7375
48.0,14.0,descending,276.6718
48.0,14.25,descending,277.275
48.0,14.5,descending,278.14453
48.0,14.75,descending,278.79623
48.0,15.0,descending,279.273
48.0,15.25,descending,279.38998
48.0,15.5,descending,279.40887
48.0,15.75,descending,279.34625
48.0,16.0,descending,279.1422
48.0,16.25,descending,278.44498
48.0,16.5,descending,277.13998
48.0,16.75,descending,275.38428
48.0,17.0,descending,274.33002
48.0,17.25,descending,274.79288
48.0,17.5,descending,275.32855
48.0,17.75,descending,275.72287
48.0,18.0,descending,276.11667
48.0,18.25,descending,276.23712
48.0,18.5,descending,275.92285
48.0,18.75,descending,275.47
48.0,19.0,descending,275.1683
48.0,19.25,descending,274.97833
48.0,19.5,descending,275.06
48.0,19.75,descending,275.262
48.0,20.0,descending,275.235
48.0,20.25,descending,274.94427
48.0,20.5,descending,274.25333
48.0,20.75,descending,272.8867
48.0,21.0,descending,272.56143
48.0,21.25,descending,273.125
48.0,21.5,descending,273.85666
48.0,21.75,descending,274.63165
48.0,22.0,descending,274.81332
48.0,22.25,descending,274.7383
48.0,22.5,descending,274.62833
48.0,22.75,descending,274.75598
48.0,23.0,descending,274.94165
48.0,23.25,descending,274.68832
48.0,23.5,descending,274.27667
48.0,23.75,descending,273.86832
48.0,24.0,descending,273.69666
48.0,24.25,descending,273.666
48.0,24.5,descending,273.68997
48.0,24.75,descending,273.62668
48.0,25.0,descending,273.82
48.0,25.25,descending,274.13333
48.0,25.5,descending,273.96832
48.0,25.75,descending,273.36142
48.0,26.0,descending,272.99832
48.0,26.25,descending,273.19
48.0,26.5,descending,273.638
48.0,26.75,descending,275.24908
48.0,27.0,descending,275.7254
48.0,27.25,descending,275.53842
48.0,27.5,descending,275.78235
48.0,27.75,descending,275.8522
48.0,28.0,descending,275.98294
48.0,28.25,descending,276.04822
48.0,28.5,descending,276.04797
48.0,28.75,descending,275.70062
48.0,29.0,descending,275.43118
48.0,29.25,descending,274.91928
48.0,29.5,descending,274.32883
48.0,29.75,descending,274.23923
48.0,30.0,descending,273.90186
48.0,30.25,descending,274.54868
48.0,30.5,descending,273.504
48.0,30.75,descending,273.065
48.0,31.0,descending,272.66867
48.0,31.25,descending,271.70847
48.0,31.5,descending,271.745
48.0,31.75,descending,272.8514
48.0,32.0,descending,272.75064
48.0,32.25,descending,273.89713
48.0,32.5,descending,273.38116
48.0,32.75,descending,273.10715
48.0,33.0,descending,272.78058
48.0,33.25,descending,272.20285
48.0,33.5,descending,271.66235
48.0,33.75,descending,270.53412
48.0,34.0,descending,269.70737
48.0,34.25,descending,267.57648
48.0,34.5,descending,264.9229
48.0,34.75,descending,261.5128
48.0,35.0,descending,259.49606
48.0,35.25,descending,259.475
48.0,35.5,descending,265.11
48.0,35.75,descending,270.49
48.0,36.0,descending,271.78998
48.0,36.25,descending,271.88834
48.0,36.5,descending,271.91666
48.0,36.75,descending,271.98502
48.0,37.0,descending,271.81665
48.0,37.25,descending,271.60666
48.0,37.5,descending,271.59335
48.0,37.75,descending,271.724
48.0,38.0,descending,271.85333
48.25,-11.75,descending,187.74461
48.25,-11.5,descending,187.716
48.25,-11.25,descending,187.62845
48.25,-11.0,descending,187.46748
48.25,-10.75,descending,187.15363
48.25,-10.5,descending,186.914
48.25,-10.25,descending,186.814
48.25,-10.0,descending,186.81999
48.25,-9.75,descending,186.8675
48.25,-9.5,descending,186.83
48.25,-9.25,descending,186.70999
48.25,-9.0,descending,186.59625
48.25,-8.75,descending,186.6225
48.25,-8.5,descending,186.89125
48.25,-8.25,descending,187.27998
48.25,-8.0,descending,187.55856
48.25,-7.75,descending,187.8
48.25,-7.5,descending,187.96167
48.25,-7.25,descending,187.73999
48.25,-7.0,descending,187.44167
48.25,-6.75,descending,187.02333
48.25,-6.5,descending,186.88875
48.25,-6.25,descending,186.79599
48.25,-6.0,descending,186.70332
48.25,-5.75,descending,186.78667
48.25,-5.5,descending,187.24857
48.25,-5.25,descending,188.87
48.25,-5.0,descending,193.816
48.25,-4.75,descending,203.834
48.25,-4.5,descending,221.41856
48.25,-4.25,descending,241.135
48.25,-4.0,descending,254.28499
48.25,-3.75,descending,260.15802
48.25,-3.5,descending,262.74167
48.25,-3.25,descending,264.24332
48.25,-3.0,descending,266.28833
48.25,-2.75,descending,267.758
48.25,-2.5,descending,269.008
48.25,-2.25,descending,269.93
48.25,-2.0,descending,270.78
48.25,-1.75,descending,271.18
48.25,-1.5,descending,271.75
48.25,-1.25,descending,272.01334
48.25,-1.0,descending,272.108
48.25,-0.75,descending,272.06143
48.25,-0.5,descending,272.03
48.25,-0.25,descending,272.26715
48.25,-0.0,descending,261.8157
48.25,0.25,descending,272.56
48.25,0.5,descending,272.96286
48.25,0.75,descending,273.11667
48.25,1.0,descending,272.88666
48.25,1.25,descending,272.598
48.25,1.5,descending,272.6725
48.25,1.75,descending,273.07666
48.25,2.0,descending,273.91714
48.25,2.25,descending,274.55667
48.25,2.5,descending,274.72333
48.25,2.75,descending,274.59665
48.25,3.0,descending,274.45166
48.25,3.25,descending,274.61667
48.25,3.5,descending,275.10165
48.25,3.75,descending,275.19498
48.25,4.0,descending,274.64285
48.25,4.25,descending,273.84332
48.25,4.5,descending,274.1743
48.25,4.75,descending,274.86832
48.25,5.0,descending,275.34335
48.25,5.25,descending,275.54572
48.25,5.5,descending,275.57834
48.25,5.75,descending,275.82285
48.25,6.0,descending,276.09283
48.25,6.25,descending,276.40332
48.25,6.5,descending,276.94284
48.25,6.75,descending,277.1243
48.25,7.0,descending,276.57428
48.25,7.25,descending,275.7022
48.25,7.5,descending,275.45624
48.25,7.75,descending,276.40665
48.25,8.0,descending,277.85748
48.25,8.25,descending,277.9911
48.25,8.5,descending,277.40298
48.25,8.75,descending,276.341
48.25,9.0,descending,275.74582
48.25,9.25,descending,275.772
48.25,9.5,descending,275.3692
48.25,9.75,descending,274.84073
48.25,10.0,descending,274.36624
48.25,10.25,descending,274.24222
48.25,10.5,descending,274.09543
48.25,13.0,descending,278.73398
48.25,13.25,descending,278.80267
48.25,13.5,descending,278.5707
48.25,13.75,descending,278.06454
48.25,14.0,descending,277.28082
48.25,14.25,descending,276.697
48.25,14.5,descending,276.938
48.25,14.75,descending,277.52777
48.25,15.0,descending,277.991
48.25,15.25,descending,278.20374
48.25,15.5,descending,277.95776
48.25,15.75,descending,278.02664
48.25,16.0,descending,277.71
48.25,16.25,descending,277.35428
48.25,16.5,descending,277.14124
48.25,16.75,descending,276.94998
48.25,17.0,descending,276.55426
48.25,17.25,descending,275.84332
48.25,17.5,descending,276.03876
48.25,17.75,descending,276.15
48.25,18.0,descending,276.47876
48.25,18.25,descending,276.72333
48.25,18.5,descending,276.452
48.25,18.75,descending,276.08856
48.25,19.0,descending,275.8775
48.25,19.25,descending,275.70667
48.25,19.5,descending,275.58286
48.25,19.75,descending,275.72998
48.25,20.0,descending,275.7657
48.25,20.25,descending,275.548
48.25,20.5,descending,275.15332
48.25,20.75,descending,274.335
48.25,21.0,descending,273.534
48.25,21.25,descending,273.06168
48.25,21.5,descending,273.23285
48.25,21.75,descending,273.60797
48.25,22.0,descending,274.21002
48.25,22.25,descending,274.625
48.25,22.5,descending,274.70834
48.25,22.75,descending,274.70166
48.25,23.0,descending,274.768
48.25,23.25,descending,274.69598
48.25,23.5,descending,274.45
48.25,23.75,descending,274.18332
48.25,24.0,descending,274.038
48.25,24.25,descending,274.05142
48.25,24.5,descending,274.175
48.25,24.75,descending,274.20712
48.25,25.0,descending,274.21667
48.25,25.25,descending,274.345
48.25,25.5,descending,274.03665
48.25,25.75,descending,273.45834
48.25,26.0,descending,273.16666
48.25,26.25,descending,273.335
48.25,26.5,descending,273.63284
48.25,26.75,descending,274.54855
48.25,27.0,descending,275.80954
48.25,27.25,descending,275.72446
48.25,27.5,descending,275.70053
48.25,27.75,descending,275.77762
48.25,28.0,descending,275.82825
48.25,28.25,descending,275.87234
48.25,28.5,descending,275.58646
48.25,28.75,descending,275.25598
48.25,29.0,descending,274.89798
48.25,29.25,descending,274.31427
48.25,29.5,descending,274.02356
48.25,29.75,descending,273.88858
48.25,30.0,descending,273.2207
48.25,30.25,descending,273.23856
48.25,30.5,descending,273.15198
48.25,30.75,descending,272.27164
48.25,31.0,descending,271.31332
48.25,31.25,descending,270.98538
48.25,31.5,descending,271.53857
48.25,31.75,descending,271.96384
48.25,32.0,descending,272.5956
48.25,32.25,descending,273.12143
48.25,32.5,descending,273.30798
48.25,32.75,descending,273.50235
48.25,33.0,descending,273.3606
48.25,33.25,descending,273.35867
48.25,33.5,descending,272.55722
48.25,33.75,descending,272.57825
48.25,34.0,descending,271.76764
48.25,34.25,descending,269.9645
48.25,34.5,descending,266.7968
48.25,34.75,descending,263.5609
48.25,35.0,descending,261.28482
48.25,35.25,descending,262.148
48.25,35.5,descending,267.468
48.25,35.75,descending,270.18198
48.25,36.0,descending,271.72665
48.25,36.25,descending,271.83798
48.25,36.5,descending,271.824
48.25,36.75,descending,271.84167
48.25,37.0,descending,271.61398
48.25,37.25,descending,271.28665
48.25,37.5,descending,271.1
48.25,37.75,descending,271.0657
48.25,38.0,descending,271.00333
48.5,-11.75,descending,187.7411
48.5,-11.5,descending,187.69293
48.5,-11.25,descending,187.66142
48.5,-11.0,descending,187.65924
48.5,-10.75,descending,187.42181
48.5,-10.5,descending,187.11998
48.5,-10.25,descending,186.787
48.5,-10.0,descending,186.659
48.5,-9.75,descending,186.71555
48.5,-9.5,descending,186.761
48.5,-9.25,descending,186.75888
48.5,-9.0,descending,186.715
48.5,-8.75,descending,186.73
48.5,-8.5,descending,186.89874
48.5,-8.25,descending,187.19554
48.5,-8.0,descending,187.58142
48.5,-7.75,descending,187.9475
48.5,-7.5,descending,188.22125
48.5,-7.25,descending,188.23167
48.5,-7.0,descending,187.88857
48.5,-6.75,descending,187.54625
48.5,-6.5,descending,187.41599
48.5,-6.25,descending,187.40857
48.5,-6.0,descending,187.47624
48.5,-5.75,descending,187.52167
48.5,-5.5,descending,187.81999
48.5,-5.25,descending,188.826
48.5,-5.0,descending,194.01285
48.5,-4.75,descending,207.38142
48.5,-4.5,descending,225.08333
48.5,-4.25,descending,241.79
48.5,-4.0,descending,256.854
48.5,-3.75,descending,264.64163
48.5,-3.5,descending,267.76855
48.5,-3.25,descending,267.15
48.5,-3.0,descending,264.5
48.5,-2.75,descending,259.096
48.5,-2.5,descending,260.88498
48.5,-2.25,descending,261.684
48.5,-2.0,descending,262.75143
48.5,-1.75,descending,264.878
48.5,-1.5,descending,269.00833
48.5,-1.25,descending,271.49
48.5,-1.0,descending,272.06665
48.5,-0.75,descending,272.102
48.5,-0.5,descending,271.99286
48.5,-0.25,descending,272.0925
48.5,-0.0,descending,254.16374
48.5,0.25,descending,272.24286
48.5,0.5,descending,272.47748
48.5,0.75,descending,272.51166
48.5,1.0,descending,272.34427
48.5,1.25,descending,272.13
48.5,1.5,descending,272.20334
48.5,1.75,descending,272.4575
48.5,2.0,descending,272.83197
48.5,2.25,descending,272.966
48.5,2.5,descending,273.18332
48.5,2.75,descending,273.67166
48.5,3.0,descending,274.01334
48.5,3.25,descending,274.586
48.5,3.5,descending,274.99167
48.5,3.75,descending,274.935
48.5,4.0,descending,274.2283
48.5,4.25,descending,273.07858
48.5,4.5,descending,272.68997
48.5,4.75,descending,273.46664
48.5,5.0,descending,274.65857
48.5,5.25,descending,275.36667
48.5,5.5,descending,275.41428
48.5,5.75,descending,275.39285
48.5,6.0,descending,275.4425
48.5,6.25,descending,276.01572
48.5,6.5,descending,276.75714
48.5,6.75,descending,277.2425
48.5,7.0,descending,277.05334
48.5,7.25,descending,276.2914
48.5,7.5,descending,275.695
48.5,7.75,descending,276.48373
48.5,8.0,descending,278.09332
48.5,8.25,descending,278.96857
48.5,8.5,descending,278.728
48.5,8.75,descending,277.784
48.5,9.0,descending,276.91638
48.5,9.25,descending,276.31915
48.5,9.5,descending,275.80167
48.5,9.75,descending,275.36615
48.5,10.0,descending,275.025
48.5,10.25,descending,274.73236
48.5,10.5,descending,274.34955
48.5,10.75,descending,274.55002
48.5,13.0,descending,278.87363
48.5,13.25,descending,278.9953
48.5,13.5,descending,279.04306
48.5,13.75,descending,278.84998
48.5,14.0,descending,278.49637
48.5,14.25,descending,277.98636
48.5,14.5,descending,277.857
48.5,14.75,descending,278.13
48.5,15.0,descending,278.25223
48.5,15.25,descending,278.00223
48.5,15.5,descending,277.44873
48.5,15.75,descending,276.97888
48.5,16.0,descending,276.89874
48.5,16.25,descending,277.16125
48.5,16.5,descending,277.59714
48.5,16.75,descending,278.1525
48.5,17.0,descending,278.92715
48.5,17.25,descending,278.84665
48.5,17.5,descending,277.91998
48.5,17.75,descending,277.47
48.5,18.0,descending,277.495
48.5,18.25,descending,277.40332
48.5,18.5,descending,277.065
48.5,18.75,descending,276.59833
48.5,19.0,descending,276.142
48.5,19.25,descending,276.074
48.5,19.5,descending,276.04
48.5,19.75,descending,276.08798
48.5,20.0,descending,276.128
48.5,20.25,descending,275.89334
48.5,20.5,descending,275.54
48.5,20.75,descending,275.06833
48.5,21.0,descending,274.38168
48.5,21.25,descending,273.99832
48.5,21.5,descending,273.558
48.5,21.75,descending,273.32666
48.5,22.0,descending,273.87167
48.5,22.25,descending,274.56198
48.5,22.5,descending,274.93198
48.5,22.75,descending,274.995
48.5,23.0,descending,274.98666
48.5,23.25,descending,275.055
48.5,23.5,descending,275.01498
48.5,23.75,descending,274.8583
48.5,24.0,descending,274.63998
48.5,24.25,descending,274.70834
48.5,24.5,descending,274.7857
48.5,24.75,descending,274.765
48.5,25.0,descending,274.70667
48.5,25.25,descending,274.56998
48.5,25.5,descending,274.30167
48.5,25.75,descending,273.922
48.5,26.0,descending,273.7983
48.5,26.25,descending,273.76498
48.5,26.5,descending,273.64285
48.5,26.75,descending,273.52
48.5,27.0,descending,274.7875
48.5,27.25,descending,274.88
48.5,27.5,descending,275.2562
48.5,27.75,descending,275.6239
48.5,28.0,descending,275.75528
48.5,28.25,descending,275.615
48.5,28.5,descending,275.37766
48.5,28.75,descending,274.30267
48.5,29.0,descending,274.27533
48.5,29.25,descending,273.546
48.5,29.5,descending,273.55072
48.5,29.75,descending,273.26437
48.5,30.0,descending,273.06284
48.5,30.25,descending,272.3853
48.5,30.5,descending,272.3864
48.5,30.75,descending,272.26666
48.5,31.0,descending,270.98215
48.5,31.25,descending,271.89374
48.5,31.5,descending,271.15787
48.5,31.75,descending,271.94
48.5,32.0,descending,272.7164
48.5,32.25,descending,272.6393
48.5,32.5,descending,273.524
48.5,32.75,descending,273.39066
48.5,33.0,descending,273.118
48.5,33.25,descending,273.56073
48.5,33.5,descending,272.90665
48.5,33.75,descending,271.456
48.5,34.0,descending,269.61
48.5,34.25,descending,267.36334
48.5,34.5,descending,265.0225
48.5,34.75,descending,263.67334
48.5,35.0,descending,262.8413
48.5,35.25,descending,264.1885
48.5,35.5,descending,267.47125
48.5,35.75,descending,270.74857
48.5,36.0,descending,271.6733
48.5,36.25,descending,271.78
48.5,36.5,descending,271.75333
48.5,36.75,descending,271.78665
48.5,37.0,descending,271.59164
48.5,37.25,descending,271.156
48.5,37.5,descending,270.91855
48.5,37.75,descending,270.762
48.5,38.0,descending,270.63748
48.75,-11.75,descending,187.676
48.75,-11.5,descending,187.59824
48.75,-11.25,descending,187.54077
48.75,-11.0,descending,187.5577
48.75,-10.75,descending,187.55333
48.75,-10.5,descending,187.23799
48.75,-10.25,descending,186.87875
48.75,-10.0,descending,186.59908
48.75,-9.75,descending,186.57889
48.75,-9.5,descending,186.7057
48.75,-9.25,descending,186.83571
48.75,-9.0,descending,186.93875
48.75,-8.75,descending,187.03749
48.75,-8.5,descending,187.22427
48.75,-8.25,descending,187.43286
48.75,-8.0,descending,187.65125
48.75,-7.75,descending,187.91667
48.75,-7.5,descending,188.17142
48.75,-7.25,descending,188.35167
48.75,-7.0,descending,188.29713
48.75,-6.75,descending,187.98799
48.75,-6.5,descending,187.75
48.75,-6.25,descending,187.815
48.75,-6.0,descending,187.998
48.75,-5.75,descending,188.23833
48.75,-5.5,descending,188.4075
48.75,-5.25,descending,189.02998
48.75,-5.0,descending,191.65857
48.75,-4.75,descending,200.17665
48.75,-4.5,descending,214.82199
48.75,-4.25,descending,230.33167
48.75,-4.0,descending,239.01
48.75,-3.75,descending,245.06999
48.75,-3.5,descending,252.102
48.75,-3.25,descending,253.81999
48.75,-3.0,descending,247.87
48.75,-2.75,descending,235.91833
48.75,-2.5,descending,234.49666
48.75,-2.25,descending,235.87834
48.75,-2.0,descending,239.922
48.75,-1.75,descending,247.64667
48.75,-1.5,descending,262.832
48.75,-1.25,descending,269.75
48.75,-1.0,descending,272.508
48.75,-0.75,descending,272.60333
48.75,-0.5,descending,272.174
48.75,-0.25,descending,272.04333
48.75,-0.0,descending,272.05
48.75,0.25,descending,271.94998
48.75,0.5,descending,271.93167
48.75,0.75,descending,271.8475
48.75,1.0,descending,271.72
48.75,1.25,descending,271.64835
48.75,1.5,descending,271.65665
48.75,1.75,descending,271.55667
48.75,2.0,descending,270.86856
48.75,2.25,descending,270.37997
48.75,2.5,descending,271.0175
48.75,2.75,descending,272.41748
48.75,3.0,descending,273.335
48.75,3.25,descending,274.02426
48.75,3.5,descending,274.33667
48.75,3.75,descending,274.37665
48.75,4.0,descending,273.995
48.75,4.25,descending,273.13
48.75,4.5,descending,272.20856
48.75,4.75,descending,272.63
48.75,5.0,descending,274.00333
48.75,5.25,descending,274.93713
48.75,5.5,descending,274.76498
48.75,5.75,descending,274.4957
48.75,6.0,descending,274.41
48.75,6.25,descending,275.1
48.75,6.5,descending,275.94
48.75,6.75,descending,276.6657
48.75,7.0,descending,277.0257
48.75,7.25,descending,276.84375
48.75,7.5,descending,276.0325
48.75,7.75,descending,276.48712
48.75,8.0,descending,277.881
48.75,8.25,descending,278.895
48.75,8.5,descending,278.75125
48.75,8.75,descending,277.80597
48.75,9.0,descending,276.792
48.75,9.25,descending,276.28223
48.75,9.5,descending,276.2454
48.75,9.75,descending,276.19727
48.75,10.0,descending,276.085
48.75,10.25,descending,275.79874
48.75,10.5,descending,275.53888
48.75,10.75,descending,275.66666
48.75,13.0,descending,278.99142
48.75,13.25,descending,279.065
48.75,13.5,descending,279.18533
48.75,13.75,descending,279.20728
48.75,14.0,descending,278.94998
48.75,14.25,descending,278.7218
48.75,14.5,descending,278.752
48.75,14.75,descending,278.8289
48.75,15.0,descending,278.72778
48.75,15.25,descending,278.33
48.75,15.5,descending,277.71887
48.75,15.75,descending,277.20428
48.75,16.0,descending,276.99
48.75,16.25,descending,277.245
48.75,16.5,descending,277.8343
48.75,16.75,descending,278.52142
48.75,17.0,descending,279.48285
48.75,17.25,descending,279.875
48.75,17.5,descending,279.4457
48.75,17.75,descending,278.68997
48.75,18.0,descending,278.15
48.75,18.25,descending,278.0433
48.75,18.5,descending,277.81497
48.75,18.75,descending,277.42
48.75,19.0,descending,276.87
48.75,19.25,descending,276.535
48.75,19.5,descending,276.49
48.75,19.75,descending,276.495
48.75,20.0,descending,276.46
48.75,20.25,descending,276.25668
48.75,20.5,descending,275.874
48.75,20.75,descending,275.5
48.75,21.0,descending,275.02286
48.75,21.25,descending,274.70834
48.75,21.5,descending,274.29666
48.75,21.75,descending,273.77798
48.75,22.0,descending,273.955
48.75,22.25,descending,274.63998
48.75,22.5,descending,275.035
48.75,22.75,descending,275.08
48.75,23.0,descending,275.095
48.75,23.25,descending,275.35602
48.75,23.5,descending,275.51334
48.75,23.75,descending,275.448
48.75,24.0,descending,275.18332
48.75,24.25,descending,275.1225
48.75,24.5,descending,275.14667
48.75,24.75,descending,275.1733
48.75,25.0,descending,275.0825
48.75,25.25,descending,274.8457
48.75,25.5,descending,274.49167
48.75,25.75,descending,274.38998
48.75,26.0,descending,274.5325
48.75,26.25,descending,274.76285
48.75,26.5,descending,274.3633
48.75,26.75,descending,273.88498
48.75,27.0,descending,274.72247
48.75,27.25,descending,274.5757
48.75,27.5,descending,274.83798
48.75,27.75,descending,275.2311
48.75,28.0,descending,275.41443
48.75,28.25,descending,275.18665
48.75,28.5,descending,274.72864
48.75,28.75,descending,274.10663
48.75,29.0,descending,273.35562
48.75,29.25,descending,273.19
48.75,29.5,descending,273.28067
48.75,29.75,descending,272.74692
48.75,30.0,descending,272.73856
48.75,30.25,descending,272.22427
48.75,30.5,descending,272.41153
48.75,30.75,descending,272.27768
48.75,31.0,descending,271.99643
48.75,31.25,descending,271.69
48.75,31.5,descending,272.22
48.75,31.75,descending,272.35153
48.75,32.0,descending,272.36212
48.75,32.25,descending,272.55463
48.75,32.5,descending,272.12866
48.75,32.75,descending,272.0057
48.75,33.0,descending,271.75647
48.75,33.25,descending,271.87286
48.75,33.5,descending,270.9875
48.75,33.75,descending,268.34937
48.75,34.0,descending,264.83105
48.75,34.25,descending,264.2725
48.75,34.5,descending,264.82278
48.75,34.75,descending,264.85577
48.75,35.0,descending,265.34998
48.75,35.25,descending,266.11398
48.75,35.5,descending,266.99097
48.75,35.75,descending,270.90997
48.75,36.0,descending,271.24167
48.75,36.25,descending,271.31198
48.75,36.5,descending,271.318
48.75,36.75,descending,271.4
48.75,37.0,descending,271.285
48.75,37.25,descending,270.88998
48.75,37.5,descending,270.544
48.75,37.75,descending,270.59665
48.75,38.0,descending,270.74
49.0,-11.75,descending,187.505
49.0,-11.5,descending,187.36707
49.0,-11.25,descending,187.22142
49.0,-11.0,descending,187.11847
49.0,-10.75,descending,187.08751
49.0,-10.5,descending,186.98273
49.0,-10.25,descending,186.80199
49.0,-10.0,descending,186.675
49.0,-9.75,descending,186.64555
49.0,-9.5,descending,186.751
49.0,-9.25,descending,186.92555
49.0,-9.0,descending,187.09555
49.0,-8.75,descending,187.28375
49.0,-8.5,descending,187.53375
49.0,-8.25,descending,187.75427
49.0,-8.0,descending,187.95143
49.0,-7.75,descending,188.10555
49.0,-7.5,descending,188.30165
49.0,-7.25,descending,188.55875
49.0,-7.0,descending,188.69666
49.0,-6.75,descending,188.44374
49.0,-6.5,descending,188.26833
49.0,-6.25,descending,188.15001
49.0,-6.0,descending,188.16573
49.0,-5.75,descending,188.36499
49.0,-5.5,descending,188.69832
49.0,-5.25,descending,189.082
49.0,-5.0,descending,189.57799
49.0,-4.75,descending,191.21799
49.0,-4.5,descending,197.89856
49.0,-4.25,descending,204.50334
49.0,-4.0,descending,209.10857
49.0,-3.75,descending,215.40201
49.0,-3.5,descending,222.65498
49.0,-3.25,descending,224.16833
49.0,-3.0,descending,223.15999
49.0,-2.75,descending,214.22
49.0,-2.5,descending,208.08167
49.0,-2.25,descending,208.31198
49.0,-2.0,descending,216.255
49.0,-1.75,descending,229.39
49.0,-1.5,descending,251.88165
49.0,-1.25,descending,267.02832
49.0,-1.0,descending,271.26334
49.0,-0.75,descending,271.26334
49.0,-0.5,descending,270.852
49.0,-0.25,descending,269.4057
49.0,-0.0,descending,253.40375
49.0,0.25,descending,271.90997
49.0,0.5,descending,271.795
49.0,0.75,descending,271.56714
49.0,1.0,descending,271.42398
49.0,1.25,descending,271.36398
49.0,1.5,descending,271.32834
49.0,1.75,descending,270.835
49.0,2.0,descending,269.35428
49.0,2.25,descending,268.23166
49.0,2.5,descending,269.10666
49.0,2.75,descending,270.88834
49.0,3.0,descending,272.09332
49.0,3.25,descending,272.6
49.0,3.5,descending,272.93
49.0,3.75,descending,273.085
49.0,4.0,descending,273.26498
49.0,4.25,descending,273.17334
49.0,4.5,descending,272.75333
49.0,4.75,descending,272.90833
49.0,5.0,descending,273.88998
49.0,5.25,descending,274.40857
49.0,5.5,descending,273.99713
49.0,5.75,descending,273.46286
49.0,6.0,descending,273.59
49.0,6.25,descending,274.2757
49.0,6.5,descending,275.11856
49.0,6.75,descending,275.7357
49.0,7.0,descending,276.5843
49.0,7.25,descending,276.95712
49.0,7.5,descending,276.86
49.0,7.75,descending,277.24374
49.0,8.0,descending,277.66998
49.0,8.25,descending,277.89554
49.0,8.5,descending,277.91443
49.0,8.75,descending,277.3775
49.0,9.0,descending,276.723
49.0,9.25,descending,276.664
49.0,9.5,descending,277.008
49.0,9.75,descending,277.22
49.0,10.0,descending,277.20584
49.0,10.25,descending,277.19333
49.0,10.5,descending,277.22177
49.0,10.75,descending,277.28287
49.0,11.0,descending,277.65698
49.0,13.0,descending,279.888
49.0,13.25,descending,280.2775
49.0,13.5,descending,280.22934
49.0,13.75,descending,280.03915
49.0,14.0,descending,279.57834
49.0,14.25,descending,278.8727
49.0,14.5,descending,278.20908
49.0,14.75,descending,277.90875
49.0,15.0,descending,278.033
49.0,15.25,descending,277.97333
49.0,15.5,descending,277.69873
49.0,15.75,descending,277.305
49.0,16.0,descending,277.12625
49.0,16.25,descending,277.19144
49.0,16.5,descending,277.50555
49.0,16.75,descending,277.9643
49.0,17.0,descending,278.47626
49.0,17.25,descending,279.14334
49.0,17.5,descending,279.375
49.0,17.75,descending,279.16714
49.0,18.0,descending,278.69855
49.0,18.25,descending,278.3583
49.0,18.5,descending,278.16287
49.0,18.75,descending,277.845
49.0,19.0,descending,277.375
49.0,19.25,descending,276.89166
49.0,19.5,descending,276.555
49.0,19.75,descending,276.4757
49.0,20.0,descending,276.4283
49.0,20.25,descending,276.4
49.0,20.5,descending,276.155
49.0,20.75,descending,275.87332
49.0,21.0,descending,275.50168
49.0,21.25,descending,275.052
49.0,21.5,descending,274.81833
49.0,21.75,descending,274.5
49.0,22.0,descending,274.29333
49.0,22.25,descending,274.546
49.0,22.5,descending,274.866
49.0,22.75,descending,274.95572
49.0,23.0,descending,274.97998
49.0,23.25,descending,275.19498
49.0,23.5,descending,275.472
49.0,23.75,descending,275.49832
49.0,24.0,descending,275.226
49.0,24.25,descending,275.11
49.0,24.5,descending,275.03333
49.0,24.75,descending,275.13333
49.0,25.0,descending,275.28165
49.0,25.25,descending,275.006
49.0,25.5,descending,274.61832
49.0,25.75,descending,274.65164
49.0,26.0,descending,275.04498
49.0,26.25,descending,275.516
49.0,26.5,descending,275.47833
49.0,26.75,descending,275.17667
49.0,27.0,descending,275.88556
49.0,27.25,descending,275.79953
49.0,27.5,descending,275.5342
49.0,27.75,descending,275.38898
49.0,28.0,descending,275.1406
49.0,28.25,descending,274.91766
49.0,28.5,descending,274.57056
49.0,28.75,descending,273.93066
49.0,29.0,descending,273.6775
49.0,29.25,descending,273.11563
49.0,29.5,descending,273.16998
49.0,29.75,descending,272.54465
49.0,30.0,descending,272.3193
49.0,30.25,descending,272.5893
49.0,30.5,descending,272.2506
49.0,30.75,descending,272.05
49.0,31.0,descending,272.76855
49.0,31.25,descending,272.168
49.0,31.5,descending,272.39624
49.0,31.75,descending,272.42642
49.0,32.0,descending,271.77142
49.0,32.25,descending,269.89642
49.0,32.5,descending,266.21466
49.0,32.75,descending,263.10846
49.0,33.0,descending,263.71
49.0,33.25,descending,267.15155
49.0,33.5,descending,267.6325
49.0,33.75,descending,266.33
49.0,34.0,descending,265.53116
49.0,34.25,descending,265.29938
49.0,34.5,descending,266.56277
49.0,34.75,descending,266.73166
49.0,35.0,descending,267.055
49.0,35.25,descending,266.89523
49.0,35.5,descending,267.4411
49.0,35.75,descending,268.715
49.0,36.0,descending,270.73666
49.0,36.25,descending,270.495
49.0,36.5,descending,270.625
49.0,36.75,descending,270.84
49.0,37.0,descending,270.944
49.0,37.25,descending,270.40164
49.0,37.5,descending,269.9883
49.0,37.75,descending,270.22165
49.0,38.0,descending,270.6733
49.25,-11.5,descending,187.56293
49.25,-11.25,descending,187.38922
49.25,-11.0,descending,187.15929
49.25,-10.75,descending,186.90833
49.25,-10.5,descending,186.77455
49.25,-10.25,descending,186.72888
49.25,-10.0,descending,186.743
49.25,-9.75,descending,186.8089
49.25,-9.5,descending,186.92778
49.25,-9.25,descending,187.07625
49.25,-9.0,descending,187.23334
49.25,-8.75,descending,187.37715
49.25,-8.5,descending,187.57143
49.25,-8.25,descending,187.83249
49.25,-8.0,descending,188.07571
49.25,-7.75,descending,188.27998
49.25,-7.5,descending,188.47856
49.25,-7.25,descending,188.77332
49.25,-7.0,descending,189.05571
49.25,-6.75,descending,189.165
49.25,-6.5,descending,188.98833
49.25,-6.25,descending,188.79428
49.25,-6.0,descending,188.81166
49.25,-5.75,descending,188.74834
49.25,-5.5,descending,188.65332
49.25,-5.25,descending,188.87572
49.25,-5.0,descending,189.39857
49.25,-4.75,descending,190.15999
49.25,-4.5,descending,191.37143
49.25,-4.25,descending,193.22333
49.25,-4.0,descending,195.122
49.25,-3.75,descending,197.02998
49.25,-3.5,descending,198.59332
49.25,-3.25,descending,201.46799
49.25,-3.0,descending,202.89998
49.25,-2.75,descending,200.18999
49.25,-2.5,descending,198.23
49.25,-2.25,descending,198.875
49.25,-2.0,descending,206.002
49.25,-1.75,descending,219.41399
49.25,-1.5,descending,243.04668
49.25,-1.25,descending,258.028
49.25,-1.0,descending,262.44333
49.25,-0.75,descending,258.996
49.25,-0.5,descending,258.38
49.25,-0.25,descending,258.465
49.25,-0.0,descending,246.09125
49.25,0.25,descending,269.67667
49.25,0.5,descending,271.42798
49.25,0.75,descending,271.34665
49.25,1.0,descending,271.17502
49.25,1.25,descending,271.258
49.25,1.5,descending,271.375
49.25,1.75,descending,271.02664
49.25,2.0,descending,269.81427
49.25,2.25,descending,268.605
49.25,2.5,descending,268.94666
49.25,2.75,descending,270.15164
49.25,3.0,descending,270.99167
49.25,3.25,descending,271.29666
49.25,3.5,descending,271.45834
49.25,3.75,descending,271.82
49.25,4.0,descending,272.37332
49.25,4.25,descending,273.01334
49.25,4.5,descending,273.298
49.25,4.75,descending,273.49667
49.25,5.0,descending,273.83667
49.25,5.25,descending,273.88715
49.25,5.5,descending,273.47165
49.25,5.75,descending,272.83
49.25,6.0,descending,272.73856
49.25,6.25,descending,273.50858
49.25,6.5,descending,274.43857
49.25,6.75,descending,275.30713
49.25,7.0,descending,276.2157
49.25,7.25,descending,276.96286
49.25,7.5,descending,277.61374
49.25,7.75,descending,277.91376
49.25,8.0,descending,277.55124
49.25,8.25,descending,276.86
49.25,8.5,descending,276.73373
49.25,8.75,descending,277.004
49.25,9.0,descending,277.06
49.25,9.25,descending,277.22888
49.25,9.5,descending,277.59546
49.25,9.75,descending,277.78302
49.25,10.0,descending,277.8682
49.25,10.25,descending,278.07922
49.25,10.5,descending,278.24664
49.25,10.75,descending,278.35187
49.25,11.0,descending,278.46664
49.25,11.25,descending,278.6225
49.25,13.0,descending,281.145
49.25,13.25,descending,280.98563
49.25,13.5,descending,280.62735
49.25,13.75,descending,280.01166
49.25,14.0,descending,279.19916
49.25,14.25,descending,278.403
49.25,14.5,descending,277.726
49.25,14.75,descending,277.22223
49.25,15.0,descending,277.21777
49.25,15.25,descending,277.45
49.25,15.5,descending,277.72223
49.25,15.75,descending,277.7425
49.25,16.0,descending,277.78876
49.25,16.25,descending,277.87
49.25,16.5,descending,278.25287
49.25,16.75,descending,278.36374
49.25,17.0,descending,278.46832
49.25,17.25,descending,278.62875
49.25,17.5,descending,278.94833
49.25,17.75,descending,279.17166
49.25,18.0,descending,279.22714
49.25,18.25,descending,278.87332
49.25,18.5,descending,278.49142
49.25,18.75,descending,278.08832
49.25,19.0,descending,277.53665
49.25,19.25,descending,276.81332
49.25,19.5,descending,276.03665
49.25,19.75,descending,275.596
49.25,20.0,descending,275.37668
49.25,20.25,descending,275.63168
49.25,20.5,descending,275.78833
49.25,20.75,descending,275.81497
49.25,21.0,descending,275.676
49.25,21.25,descending,275.29666
49.25,21.5,descending,274.93
49.25,21.75,descending,274.84164
49.25,22.0,descending,274.84
49.25,22.25,descending,274.795
49.25,22.5,descending,274.934
49.25,22.75,descending,275.10602
49.25,23.0,descending,275.17502
49.25,23.25,descending,275.154
49.25,23.5,descending,275.14166
49.25,23.75,descending,274.904
49.25,24.0,descending,274.698
49.25,24.25,descending,274.73666
49.25,24.5,descending,274.806
49.25,24.75,descending,274.9725
49.25,25.0,descending,275.36142
49.25,25.25,descending,275.274
49.25,25.5,descending,274.826
49.25,25.75,descending,274.79333
49.25,26.0,descending,275.22
49.25,26.25,descending,275.64835
49.25,26.5,descending,275.85748
49.25,26.75,descending,275.848
49.25,27.0,descending,276.00427
49.25,27.25,descending,275.9643
49.25,27.5,descending,275.722
49.25,27.75,descending,275.31293
49.25,28.0,descending,274.88104
49.25,28.25,descending,274.5247
49.25,28.5,descending,274.16864
49.25,28.75,descending,274.32538
49.25,29.0,descending,273.68073
49.25,29.25,descending,273.6364
49.25,29.5,descending,273.415
49.25,29.75,descending,272.72733
49.25,30.0,descending,272.60858
49.25,30.25,descending,272.44
49.25,30.5,descending,272.4664
49.25,30.75,descending,273.04855
49.25,31.0,descending,272.40845
49.25,31.25,descending,272.49927
49.25,31.5,descending,271.88248
49.25,31.75,descending,270.41077
49.25,32.0,descending,266.79428
49.25,32.25,descending,260.848
49.25,32.5,descending,253.68713
49.25,32.75,descending,250.02856
49.25,33.0,descending,253.65
49.25,33.25,descending,261.50082
49.25,33.5,descending,266.792
49.25,33.75,descending,268.7475
49.25,34.0,descending,269.13864
49.25,34.25,descending,268.98248
49.25,34.5,descending,268.56833
49.25,34.75,descending,267.90762
49.25,35.0,descending,268.03113
49.25,35.25,descending,268.4155
49.25,35.5,descending,268.48346
49.25,35.75,descending,268.5546
49.25,36.0,descending,270.305
49.25,36.25,descending,270.1133
49.25,36.5,descending,269.722
49.25,36.75,descending,270.002
49.25,37.0,descending,270.27
49.25,37.25,descending,269.79498
49.25,37.5,descending,269.13834
49.25,37.75,descending,269.512
49.25,38.0,descending,270.3175
49.5,-11.5,descending,188.11356
49.5,-11.25,descending,187.92465
49.5,-11.0,descending,187.635
49.5,-10.75,descending,187.23418
49.5,-10.5,descending,186.86916
49.5,-10.25,descending,186.70299
49.5,-10.0,descending,186.672
49.5,-9.75,descending,186.76556
49.5,-9.5,descending,186.93222
49.5,-9.25,descending,187.11874
49.5,-9.0,descending,187.26125
49.5,-8.75,descending,187.39374
49.5,-8.5,descending,187.5611
49.5,-8.25,descending,187.78429
49.5,-8.0,descending,188.06
49.5,-7.75,descending,188.32832
49.5,-7.5,descending,188.6075
49.5,-7.25,descending,188.90572
49.5,-7.0,descending,189.17714
49.5,-6.75,descending,189.30998
49.5,-6.5,descending,189.26
49.5,-6.25,descending,189.06665
49.5,-6.0,descending,189.0557
49.5,-5.75,descending,189.23999
49.5,-5.5,descending,189.17332
49.5,-5.25,descending,188.99834
49.5,-5.0,descending,189.11398
49.5,-4.75,descending,189.472
49.5,-4.5,descending,189.904
49.5,-4.25,descending,190.35399
49.5,-4.0,descending,190.94832
49.5,-3.75,descending,191.18166
49.5,-3.5,descending,191.48332
49.5,-3.25,descending,192.97166
49.5,-3.0,descending,193.71167
49.5,-2.75,descending,194.67
49.5,-2.5,descending,194.93713
49.5,-2.25,descending,197.846
49.5,-2.0,descending,206.58833
49.5,-1.75,descending,223.85498
49.5,-1.5,descending,240.00832
49.5,-1.25,descending,244.36398
49.5,-1.0,descending,240.39333
49.5,-0.75,descending,234.906
49.5,-0.5,descending,231.93166
49.5,-0.25,descending,234.14
49.5,-0.0,descending,241.05801
49.5,0.25,descending,257.41165
49.5,0.5,descending,267.84335
49.5,0.75,descending,269.664
49.5,1.0,descending,270.21335
49.5,1.25,descending,271.00333
49.5,1.5,descending,271.47165
49.5,1.75,descending,271.3075
49.5,2.0,descending,270.66
49.5,2.25,descending,269.7383
49.5,2.5,descending,269.42667
49.5,2.75,descending,269.77832
49.5,3.0,descending,270.19165
49.5,3.25,descending,270.36832
49.5,3.5,descending,270.54666
49.5,3.75,descending,270.89667
49.5,4.0,descending,271.59332
49.5,4.25,descending,272.55856
49.5,4.5,descending,273.21167
49.5,4.75,descending,273.35
49.5,5.0,descending,273.45166
49.5,5.25,descending,273.41333
49.5,5.5,descending,273.09375
49.5,5.75,descending,272.25168
49.5,6.0,descending,272.08142
49.5,6.25,descending,272.87332
49.5,6.5,descending,274.04498
49.5,6.75,descending,274.97858
49.5,7.0,descending,275.75
49.5,7.25,descending,276.61874
49.5,7.5,descending,277.39874
49.5,7.75,descending,277.63428
49.5,8.0,descending,276.77554
49.5,8.25,descending,275.9025
49.5,8.5,descending,276.4525
49.5,8.75,descending,277.3611
49.5,9.0,descending,277.824
49.5,9.25,descending,277.82
49.5,9.5,descending,277.83914
49.5,9.75,descending,277.66556
49.5,10.0,descending,277.59
49.5,10.25,descending,277.8025
49.5,10.5,descending,278.05
49.5,10.75,descending,278.05118
49.5,11.0,descending,278.30264
49.5,11.25,descending,279.03833
49.5,13.25,descending,280.50748
49.5,13.5,descending,280.04266
49.5,13.75,descending,279.43307
49.5,14.0,descending,278.67615
49.5,14.25,descending,278.10727
49.5,14.5,descending,277.882
49.5,14.75,descending,277.8409
49.5,15.0,descending,277.8211
49.5,15.25,descending,278.0133
49.5,15.5,descending,278.0789
49.5,15.75,descending,278.22873
49.5,16.0,descending,278.35
49.5,16.25,descending,278.6111
49.5,16.5,descending,278.85428
49.5,16.75,descending,278.8557
49.5,17.0,descending,278.57
49.5,17.25,descending,278.32666
49.5,17.5,descending,278.425
49.5,17.75,descending,278.6243
49.5,18.0,descending,279.06833
49.5,18.25,descending,279.14124
49.5,18.5,descending,278.94
49.5,18.75,descending,278.50998
49.5,19.0,descending,277.79855
49.5,19.25,descending,276.91
49.5,19.5,descending,275.93
49.5,19.75,descending,275.04166
49.5,20.0,descending,274.59332
49.5,20.25,descending,274.46332
49.5,20.5,descending,274.72858
49.5,20.75,descending,275.224
49.5,21.0,descending,275.44498
49.5,21.25,descending,275.33835
49.5,21.5,descending,275.14398
49.5,21.75,descending,275.15665
49.5,22.0,descending,275.33
49.5,22.25,descending,275.302
49.5,22.5,descending,275.305
49.5,22.75,descending,275.49167
49.5,23.0,descending,275.44333
49.5,23.25,descending,275.1
49.5,23.5,descending,274.58572
49.5,23.75,descending,274.262
49.5,24.0,descending,274.07144
49.5,24.25,descending,274.422
49.5,24.5,descending,274.89166
49.5,24.75,descending,275.23
49.5,25.0,descending,275.624
49.5,25.25,descending,275.535
49.5,25.5,descending,275.18198
49.5,25.75,descending,275.10797
49.5,26.0,descending,275.37283
49.5,26.25,descending,275.74332
49.5,26.5,descending,275.965
49.5,26.75,descending,275.99
49.5,27.0,descending,276.0011
49.5,27.25,descending,275.93182
49.5,27.5,descending,275.74142
49.5,27.75,descending,275.47894
49.5,28.0,descending,275.04587
49.5,28.25,descending,274.54553
49.5,28.5,descending,274.44498
49.5,28.75,descending,273.95572
49.5,29.0,descending,274.29764
49.5,29.25,descending,273.9157
49.5,29.5,descending,273.82266
49.5,29.75,descending,273.07468
49.5,30.0,descending,273.0964
49.5,30.25,descending,273.1307
49.5,30.5,descending,273.16428
49.5,30.75,descending,273.09232
49.5,31.0,descending,272.8094
49.5,31.25,descending,272.3546
49.5,31.5,descending,270.34134
49.5,31.75,descending,266.66864
49.5,32.0,descending,261.3557
49.5,32.25,descending,255.24928
49.5,32.5,descending,249.75784
49.5,32.75,descending,249.33133
49.5,33.0,descending,255.78357
49.5,33.25,descending,263.90295
49.5,33.5,descending,268.76266
49.5,33.75,descending,271.27356
49.5,34.0,descending,271.69376
49.5,34.25,descending,271.12646
49.5,34.5,descending,270.53625
49.5,34.75,descending,270.06293
49.5,35.0,descending,270.04474
49.5,35.25,descending,269.8885
49.5,35.5,descending,269.51544
49.5,35.75,descending,269.29346
49.5,36.0,descending,269.08868
49.5,36.25,descending,270.216
49.5,36.5,descending,269.55002
49.5,36.75,descending,269.16333
49.5,37.0,descending,269.10498
49.5,37.25,descending,268.875
49.5,37.5,descending,268.18
49.5,37.75,descending,268.448
49.5,38.0,descending,269.57666
49.75,-11.5,descending,188.67363
49.75,-11.25,descending,188.54938
49.75,-11.0,descending,188.36307
49.75,-10.75,descending,187.88832
49.75,-10.5,descending,187.27455
49.75,-10.25,descending,186.89499
49.75,-10.0,descending,186.69727
49.75,-9.75,descending,186.70667
49.75,-9.5,descending,186.86223
49.75,-9.25,descending,187.03
49.75,-9.0,descending,187.12875
49.75,-8.75,descending,187.17624
49.75,-8.5,descending,187.33
49.75,-8.25,descending,187.66429
49.75,-8.0,descending,188.0
49.75,-7.75,descending,188.41249
49.75,-7.5,descending,188.72333
49.75,-7.25,descending,188.91286
49.75,-7.0,descending,189.01666
49.75,-6.75,descending,189.04668
49.75,-6.5,descending,188.90141
49.75,-6.25,descending,188.81
49.75,-6.0,descending,189.03166
49.75,-5.75,descending,189.79834
49.75,-5.5,descending,190.86143
49.75,-5.25,descending,190.27998
49.75,-5.0,descending,189.7
49.75,-4.75,descending,189.48999
49.75,-4.5,descending,189.58
49.75,-4.25,descending,189.75
49.75,-4.0,descending,189.88142
49.75,-3.75,descending,189.816
49.75,-3.5,descending,189.79599
49.75,-3.25,descending,190.19165
49.75,-3.0,descending,190.82666
49.75,-2.75,descending,192.20401
49.75,-2.5,descending,193.19199
49.75,-2.25,descending,195.65332
49.75,-2.0,descending,205.002
49.75,-1.75,descending,218.09799
49.75,-1.5,descending,227.48799
49.75,-1.25,descending,225.11499
49.75,-1.0,descending,217.118
49.75,-0.75,descending,208.84833
49.75,-0.5,descending,206.79199
49.75,-0.25,descending,207.148
49.75,-0.0,descending,208.68857
49.75,0.25,descending,237.952
49.75,0.5,descending,252.70667
49.75,0.75,descending,260.468
49.75,1.0,descending,264.4925
49.75,1.25,descending,267.4833
49.75,1.5,descending,270.62668
49.75,1.75,descending,271.37
49.75,2.0,descending,271.0075
49.75,2.25,descending,270.22998
49.75,2.5,descending,269.505
49.75,2.75,descending,269.24667
49.75,3.0,descending,269.49167
49.75,3.25,descending,269.72
49.75,3.5,descending,269.91833
49.75,3.75,descending,270.28333
49.75,4.0,descending,271.00665
49.75,4.25,descending,271.81198
49.75,4.5,descending,272.47165
49.75,4.75,descending,272.66333
49.75,5.0,descending,272.9357
49.75,5.25,descending,273.11166
49.75,5.5,descending,272.784
49.75,5.75,descending,272.19333
49.75,6.0,descending,272.05142
49.75,6.25,descending,272.93167
49.75,6.5,descending,274.06
49.75,6.75,descending,274.88168
49.75,7.0,descending,275.41428
49.75,7.25,descending,275.88715
49.75,7.5,descending,276.21167
49.75,7.75,descending,276.27286
49.75,8.0,descending,275.73856
49.75,8.25,descending,275.2443
49.75,8.5,descending,276.50668
49.75,8.75,descending,277.99286
49.75,9.0,descending,278.38098
49.75,9.25,descending,278.25
49.75,9.5,descending,277.83798
49.75,9.75,descending,277.072
49.75,10.0,descending,276.63583
49.75,10.25,descending,276.77274
49.75,10.5,descending,277.08914
49.75,10.75,descending,277.35214
49.75,11.0,descending,278.39398
49.75,11.25,descending,279.48166
49.75,11.5,descending,279.90833
49.75,13.25,descending,280.2409
49.75,13.5,descending,280.08734
49.75,13.75,descending,279.77072
49.75,14.0,descending,279.32727
49.75,14.25,descending,278.80362
49.75,14.5,descending,278.43182
49.75,14.75,descending,278.33875
49.75,15.0,descending,278.422
49.75,15.25,descending,278.63858
49.75,15.5,descending,278.92
49.75,15.75,descending,279.13376
49.75,16.0,descending,279.1257
49.75,16.25,descending,279.17856
49.75,16.5,descending,279.02124
49.75,16.75,descending,278.8757
49.75,17.0,descending,278.5557
49.75,17.25,descending,278.18857
49.75,17.5,descending,278.02832
49.75,17.75,descending,277.88666
49.75,18.0,descending,277.6143
49.75,18.25,descending,277.34
49.75,18.5,descending,277.67166
49.75,18.75,descending,277.28427
49.75,19.0,descending,276.80832
49.75,19.25,descending,276.59198
49.75,19.5,descending,276.09332
49.75,19.75,descending,275.378
49.75,20.0,descending,274.77
49.75,20.25,descending,274.4
49.75,20.5,descending,274.268
49.75,20.75,descending,274.545
49.75,21.0,descending,275.10284
49.75,21.25,descending,275.43
49.75,21.5,descending,275.44
49.75,21.75,descending,275.455
49.75,22.0,descending,275.562
49.75,22.25,descending,275.64398
49.75,22.5,descending,275.615
49.75,22.75,descending,275.524
49.75,23.0,descending,275.336
49.75,23.25,descending,274.74167
49.75,23.5,descending,274.0725
49.75,23.75,descending,273.71713
49.75,24.0,descending,273.8625
49.75,24.25,descending,274.42
49.75,24.5,descending,275.228
49.75,24.75,descending,275.7383
49.75,25.0,descending,275.93
49.75,25.25,descending,275.892
49.75,25.5,descending,275.67502
49.75,25.75,descending,275.625
49.75,26.0,descending,275.86
49.75,26.25,descending,276.15
49.75,26.5,descending,276.3033
49.75,26.75,descending,276.275
49.75,27.0,descending,276.24
49.75,27.25,descending,276.694
49.75,27.5,descending,276.48315
49.75,27.75,descending,276.20062
49.75,28.0,descending,275.81134
49.75,28.25,descending,275.3893
49.75,28.5,descending,274.85867
49.75,28.75,descending,274.53732
49.75,29.0,descending,274.4541
49.75,29.25,descending,274.1
49.75,29.5,descending,273.90933
49.75,29.75,descending,273.45285
49.75,30.0,descending,273.05768
49.75,30.25,descending,273.0
49.75,30.5,descending,272.93134
49.75,30.75,descending,272.46335
49.75,31.0,descending,271.36212
49.75,31.25,descending,269.94614
49.75,31.5,descending,268.19153
49.75,31.75,descending,266.3375
49.75,32.0,descending,263.74643
49.75,32.25,descending,260.30417
49.75,32.5,descending,259.18356
49.75,32.75,descending,261.77
49.75,33.0,descending,265.24152
49.75,33.25,descending,268.4777
49.75,33.5,descending,270.76614
49.75,33.75,descending,272.06934
49.75,34.0,descending,272.70212
49.75,34.25,descending,272.5875
49.75,34.5,descending,272.07764
49.75,34.75,descending,272.0031
49.75,35.0,descending,271.7747
49.75,35.25,descending,271.01175
49.75,35.5,descending,270.3479
49.75,35.75,descending,269.5558
49.75,36.0,descending,269.0944
49.75,36.25,descending,269.03854
49.75,36.5,descending,269.37598
49.75,36.75,descending,268.526
49.75,37.0,descending,268.13397
49.75,37.25,descending,268.12833
49.75,37.5,descending,267.922
49.75,37.75,descending,268.16
49.75,38.0,descending,268.97665
50.0,-11.5,descending,188.74374
50.0,-11.25,descending,188.88533
50.0,-11.0,descending,188.92693
50.0,-10.75,descending,188.70833
50.0,-10.5,descending,188.15916
50.0,-10.25,descending,187.45999
50.0,-10.0,descending,187.087
50.0,-9.75,descending,186.91222
50.0,-9.5,descending,186.88799
50.0,-9.25,descending,186.94875
50.0,-9.0,descending,186.97499
50.0,-8.75,descending,186.98125
50.0,-8.5,descending,187.07715
50.0,-8.25,descending,187.34111
50.0,-8.0,descending,187.81749
50.0,-7.75,descending,188.25856
50.0,-7.5,descending,188.6375
50.0,-7.25,descending,188.78714
50.0,-7.0,descending,188.81714
50.0,-6.75,descending,188.74571
50.0,-6.5,descending,188.70833
50.0,-6.25,descending,188.90498
50.0,-6.0,descending,190.28857
50.0,-5.75,descending,193.98143
50.0,-5.5,descending,198.38799
50.0,-5.25,descending,199.198
50.0,-5.0,descending,197.32286
50.0,-4.75,descending,194.065
50.0,-4.5,descending,192.31429
50.0,-4.25,descending,192.705
50.0,-4.0,descending,192.596
50.0,-3.75,descending,191.47166
50.0,-3.5,descending,190.19167
50.0,-3.25,descending,189.58833
50.0,-3.0,descending,189.818
50.0,-2.75,descending,190.478
50.0,-2.5,descending,191.44
50.0,-2.25,descending,192.65001
50.0,-2.0,descending,196.16333
50.0,-1.75,descending,203.86
50.0,-1.5,descending,207.85167
50.0,-1.25,descending,208.8
50.0,-1.0,descending,200.13428
50.0,-0.75,descending,196.43399
50.0,-0.5,descending,193.77501
50.0,-0.25,descending,194.498
50.0,-0.0,descending,198.46625
50.0,0.25,descending,215.27832
50.0,0.5,descending,225.194
50.0,0.75,descending,235.58667
50.0,1.0,descending,246.38666
50.0,1.25,descending,252.96
50.0,1.5,descending,264.21167
50.0,1.75,descending,270.665
50.0,2.0,descending,271.63858
50.0,2.25,descending,271.17798
50.0,2.5,descending,270.395
50.0,2.75,descending,270.04333
50.0,3.0,descending,270.09332
50.0,3.25,descending,270.255
50.0,3.5,descending,270.26666
50.0,3.75,descending,270.40833
50.0,4.0,descending,270.91666
50.0,4.25,descending,271.576
50.0,4.5,descending,271.95834
50.0,4.75,descending,272.27164
50.0,5.0,descending,272.76498
50.0,5.25,descending,273.13666
50.0,5.5,descending,273.02856
50.0,5.75,descending,272.655
50.0,6.0,descending,272.71375
50.0,6.25,descending,273.12833
50.0,6.5,descending,273.90665
50.0,6.75,descending,274.5625
50.0,7.0,descending,275.0357
50.0,7.25,descending,275.19284
50.0,7.5,descending,275.1475
50.0,7.75,descending,274.93857
50.0,8.0,descending,274.5925
50.0,8.25,descending,274.8943
50.0,8.5,descending,276.20776
50.0,8.75,descending,277.42624
50.0,9.0,descending,278.07443
50.0,9.25,descending,278.40125
50.0,9.5,descending,278.046
50.0,9.75,descending,277.06097
50.0,10.0,descending,276.43
50.0,10.25,descending,276.49637
50.0,10.5,descending,276.70334
50.0,10.75,descending,277.34076
50.0,11.0,descending,278.41373
50.0,11.25,descending,279.25647
50.0,11.5,descending,279.4476
50.0,11.75,descending,279.244
50.0,13.25,descending,280.24777
50.0,13.5,descending,280.20624
50.0,13.75,descending,280.10284
50.0,14.0,descending,279.87418
50.0,14.25,descending,279.49728
50.0,14.5,descending,279.05817
50.0,14.75,descending,278.63498
50.0,15.0,descending,278.525
50.0,15.25,descending,278.63333
50.0,15.5,descending,278.96777
50.0,15.75,descending,279.53375
50.0,16.0,descending,279.88
50.0,16.25,descending,279.86285
50.0,16.5,descending,279.65
50.0,16.75,descending,279.3725
50.0,17.0,descending,279.03143
50.0,17.25,descending,278.88123
50.0,17.5,descending,278.3514
50.0,17.75,descending,277.66998
50.0,18.0,descending,276.81
50.0,18.25,descending,275.8743
50.0,18.5,descending,275.03876
50.0,18.75,descending,274.526
50.0,19.0,descending,274.43713
50.0,19.25,descending,274.49667
50.0,19.5,descending,274.90143
50.0,19.75,descending,274.98856
50.0,20.0,descending,274.80667
50.0,20.25,descending,274.605
50.0,20.5,descending,274.43
50.0,20.75,descending,274.37167
50.0,21.0,descending,274.806
50.0,21.25,descending,275.372
50.0,21.5,descending,275.60715
50.0,21.75,descending,275.635
50.0,22.0,descending,275.53
50.0,22.25,descending,275.50858
50.0,22.5,descending,275.41
50.0,22.75,descending,275.28333
50.0,23.0,descending,274.99832
50.0,23.25,descending,274.70667
50.0,23.5,descending,274.2333
50.0,23.75,descending,273.898
50.0,24.0,descending,273.9283
50.0,24.25,descending,274.60165
50.0,24.5,descending,275.35333
50.0,24.75,descending,275.95
50.0,25.0,descending,276.1
50.0,25.25,descending,276.12997
50.0,25.5,descending,276.1783
50.0,25.75,descending,276.26666
50.0,26.0,descending,276.45834
50.0,26.25,descending,276.7
50.0,26.5,descending,276.82834
50.0,26.75,descending,276.84
50.0,27.0,descending,276.7283
50.0,27.25,descending,277.30426
50.0,27.5,descending,277.15857
50.0,27.75,descending,276.8442
50.0,28.0,descending,276.44156
50.0,28.25,descending,275.8181
50.0,28.5,descending,275.4182
50.0,28.75,descending,275.05533
50.0,29.0,descending,274.97467
50.0,29.25,descending,274.67398
50.0,29.5,descending,274.09927
50.0,29.75,descending,273.68643
50.0,30.0,descending,273.2075
50.0,30.25,descending,272.8864
50.0,30.5,descending,271.60846
50.0,30.75,descending,271.5007
50.0,31.0,descending,269.36
50.0,31.25,descending,266.5353
50.0,31.5,descending,266.08923
50.0,31.75,descending,267.62534
50.0,32.0,descending,267.6769
50.0,32.25,descending,268.355
50.0,32.5,descending,268.75714
50.0,32.75,descending,269.61667
50.0,33.0,descending,270.95438
50.0,33.25,descending,271.48734
50.0,33.5,descending,272.44644
50.0,33.75,descending,272.98438
50.0,34.0,descending,273.29352
50.0,34.25,descending,273.33572
50.0,34.5,descending,273.1275
50.0,34.75,descending,272.92874
50.0,35.0,descending,272.29294
50.0,35.25,descending,271.47766
50.0,35.5,descending,270.35953
50.0,35.75,descending,269.28635
50.0,36.0,descending,268.40164
50.0,36.25,descending,267.7227
50.0,36.5,descending,268.4889
50.0,36.75,descending,268.2383
50.0,37.0,descending,267.602
50.0,37.25,descending,267.83798
50.0,37.5,descending,268.13666
50.0,37.75,descending,268.192
50.0,38.0,descending,268.5875
50.25,-13.0,descending,186.43001
50.25,-12.75,descending,186.23999
50.25,-11.5,descending,188.89
50.25,-11.25,descending,188.84587
50.25,-11.0,descending,188.69214
50.25,-10.75,descending,188.51917
50.25,-10.5,descending,188.27182
50.25,-10.25,descending,187.92899
50.25,-10.0,descending,187.66399
50.25,-9.75,descending,187.66667
50.25,-9.5,descending,187.664
50.25,-9.25,descending,187.59375
50.25,-9.0,descending,187.52374
50.25,-8.75,descending,187.4075
50.25,-8.5,descending,187.2775
50.25,-8.25,descending,187.422
50.25,-8.0,descending,187.72
50.25,-7.75,descending,188.13284
50.25,-7.5,descending,188.42665
50.25,-7.25,descending,188.68713
50.25,-7.0,descending,188.83571
50.25,-6.75,descending,188.86333
50.25,-6.5,descending,188.81499
50.25,-6.25,descending,188.95749
50.25,-6.0,descending,190.498
50.25,-5.75,descending,195.31
50.25,-5.5,descending,204.35715
50.25,-5.25,descending,214.90428
50.25,-5.0,descending,219.87166
50.25,-4.75,descending,211.75601
50.25,-4.5,descending,206.406
50.25,-4.25,descending,206.224
50.25,-4.0,descending,206.19
50.25,-3.75,descending,204.32166
50.25,-3.5,descending,196.27167
50.25,-3.25,descending,192.7325
50.25,-3.0,descending,190.77
50.25,-2.75,descending,191.05165
50.25,-2.5,descending,191.92833
50.25,-2.25,descending,192.17499
50.25,-2.0,descending,192.7
50.25,-1.75,descending,194.388
50.25,-1.5,descending,196.57799
50.25,-1.25,descending,196.87
50.25,-1.0,descending,194.134
50.25,-0.75,descending,192.19
50.25,-0.5,descending,191.02249
50.25,-0.25,descending,191.27
50.25,-0.0,descending,192.95
50.25,0.25,descending,196.87834
50.25,0.5,descending,203.288
50.25,0.75,descending,208.66599
50.25,1.0,descending,216.31834
50.25,1.25,descending,228.68198
50.25,1.5,descending,251.952
50.25,1.75,descending,267.68332
50.25,2.0,descending,272.63498
50.25,2.25,descending,272.75
50.25,2.5,descending,271.94666
50.25,2.75,descending,271.535
50.25,3.0,descending,271.2825
50.25,3.25,descending,271.325
50.25,3.5,descending,271.345
50.25,3.75,descending,271.154
50.25,4.0,descending,271.22247
50.25,4.25,descending,271.61
50.25,4.5,descending,271.995
50.25,4.75,descending,272.43
50.25,5.0,descending,272.9883
50.25,5.25,descending,273.38165
50.25,5.5,descending,273.45166
50.25,5.75,descending,273.42502
50.25,6.0,descending,273.54333
50.25,6.25,descending,273.6443
50.25,6.5,descending,274.02332
50.25,6.75,descending,274.45166
50.25,7.0,descending,274.65
50.25,7.25,descending,274.56284
50.25,7.5,descending,274.33713
50.25,7.75,descending,274.31857
50.25,8.0,descending,274.45
50.25,8.25,descending,274.94623
50.25,8.5,descending,275.59427
50.25,8.75,descending,276.27426
50.25,9.0,descending,277.41666
50.25,9.25,descending,278.50714
50.25,9.5,descending,278.602
50.25,9.75,descending,277.92886
50.25,10.0,descending,277.46
50.25,10.25,descending,277.42
50.25,10.5,descending,277.4509
50.25,10.75,descending,277.88748
50.25,11.0,descending,278.41165
50.25,11.25,descending,278.88715
50.25,11.5,descending,278.93585
50.25,11.75,descending,278.92294
50.25,12.0,descending,278.86
50.25,13.25,descending,280.0957
50.25,13.5,descending,279.83264
50.25,13.75,descending,279.70786
50.25,14.0,descending,279.63748
50.25,14.25,descending,279.43698
50.25,14.5,descending,279.09183
50.25,14.75,descending,278.755
50.25,15.0,descending,278.4889
50.25,15.25,descending,278.30554
50.25,15.5,descending,278.19125
50.25,15.75,descending,278.465
50.25,16.0,descending,279.07748
50.25,16.25,descending,279.88373
50.25,16.5,descending,280.16855
50.25,16.75,descending,280.0
50.25,17.0,descending,279.80124
50.25,17.25,descending,279.778
50.25,17.5,descending,279.405
50.25,17.75,descending,278.41333
50.25,18.0,descending,277.15854
50.25,18.25,descending,276.11667
50.25,18.5,descending,275.004
50.25,18.75,descending,274.08
50.25,19.0,descending,273.43
50.25,19.25,descending,273.34833
50.25,19.5,descending,273.94
50.25,19.75,descending,274.522
50.25,20.0,descending,274.72
50.25,20.25,descending,274.632
50.25,20.5,descending,274.50668
50.25,20.75,descending,274.43198
50.25,21.0,descending,274.615
50.25,21.25,descending,275.09332
50.25,21.5,descending,275.49667
50.25,21.75,descending,275.68332
50.25,22.0,descending,275.52332
50.25,22.25,descending,275.3675
50.25,22.5,descending,275.2383
50.25,22.75,descending,275.05798
50.25,23.0,descending,274.97
50.25,23.25,descending,274.916
50.25,23.5,descending,274.65
50.25,23.75,descending,274.45798
50.25,24.0,descending,274.40997
50.25,24.25,descending,274.57
50.25,24.5,descending,275.122
50.25,24.75,descending,275.62833
50.25,25.0,descending,275.89252
50.25,25.25,descending,276.05713
50.25,25.5,descending,276.31
50.25,25.75,descending,276.5
50.25,26.0,descending,276.77
50.25,26.25,descending,276.995
50.25,26.5,descending,277.0675
50.25,26.75,descending,277.228
50.25,27.0,descending,277.24667
50.25,27.25,descending,277.64368
50.25,27.5,descending,277.5062
50.25,27.75,descending,277.11472
50.25,28.0,descending,276.71777
50.25,28.25,descending,276.21646
50.25,28.5,descending,275.77118
50.25,28.75,descending,275.36533
50.25,29.0,descending,275.28265
50.25,29.25,descending,275.13068
50.25,29.5,descending,274.63715
50.25,29.75,descending,274.2407
50.25,30.0,descending,273.61072
50.25,30.25,descending,272.49768
50.25,30.5,descending,271.4643
50.25,30.75,descending,269.57846
50.25,31.0,descending,269.64142
50.25,31.25,descending,268.15582
50.25,31.5,descending,268.7686
50.25,31.75,descending,269.37152
50.25,32.0,descending,270.89767
50.25,32.25,descending,271.62155
50.25,32.5,descending,271.79355
50.25,32.75,descending,272.3
50.25,33.0,descending,272.68857
50.25,33.25,descending,272.91916
50.25,33.5,descending,273.03687
50.25,33.75,descending,273.32077
50.25,34.0,descending,273.44437
50.25,34.25,descending,273.62845
50.25,34.5,descending,273.37665
50.25,34.75,descending,272.71133
50.25,35.0,descending,271.94812
50.25,35.25,descending,271.0947
50.25,35.5,descending,269.98
50.25,35.75,descending,268.9872
50.25,36.0,descending,267.96524
50.25,36.25,descending,267.4691
50.25,36.5,descending,267.54272
50.25,36.75,descending,268.46832
50.25,37.0,descending,268.03665
50.25,37.25,descending,268.14664
50.25,37.5,descending,268.386
50.25,37.75,descending,268.60165
50.25,38.0,descending,268.66
50.5,-13.0,descending,186.63249
50.5,-12.75,descending,186.52411
50.5,-11.5,descending,190.04498
50.5,-11.25,descending,190.43625
50.5,-11.0,descending,189.91214
50.5,-10.75,descending,189.4523
50.5,-10.5,descending,188.82582
50.5,-10.25,descending,188.35454
50.5,-10.0,descending,188.209
50.5,-9.75,descending,188.36
50.5,-9.5,descending,188.52333
50.5,-9.25,descending,188.63875
50.5,-9.0,descending,188.67
50.5,-8.75,descending,188.69142
50.5,-8.5,descending,188.45999
50.5,-8.25,descending,188.27374
50.5,-8.0,descending,188.53166
50.5,-7.75,descending,188.61223
50.5,-7.5,descending,188.56999
50.5,-7.25,descending,188.57857
50.5,-7.0,descending,188.77832
50.5,-6.75,descending,188.98332
50.5,-6.5,descending,189.08624
50.5,-6.25,descending,189.06
50.5,-6.0,descending,189.30714
50.5,-5.75,descending,191.5457
50.5,-5.5,descending,198.68333
50.5,-5.25,descending,212.65332
50.5,-5.0,descending,228.53166
50.5,-4.75,descending,237.42833
50.5,-4.5,descending,235.75
50.5,-4.25,descending,235.16667
50.5,-4.0,descending,235.99834
50.5,-3.75,descending,230.644
50.5,-3.5,descending,216.35333
50.5,-3.25,descending,204.49834
50.5,-3.0,descending,199.90332
50.5,-2.75,descending,198.38998
50.5,-2.5,descending,201.31
50.5,-2.25,descending,200.21834
50.5,-2.0,descending,200.61
50.5,-1.75,descending,198.40498
50.5,-1.5,descending,200.22166
50.5,-1.25,descending,199.50166
50.5,-1.0,descending,197.608
50.5,-0.75,descending,195.584
50.5,-0.5,descending,194.03333
50.5,-0.25,descending,194.75
50.5,-0.0,descending,194.18375
50.5,0.25,descending,194.7525
50.5,0.5,descending,196.18333
50.5,0.75,descending,197.096
50.5,1.0,descending,200.02501
50.5,1.25,descending,213.64333
50.5,1.5,descending,240.325
50.5,1.75,descending,262.2125
50.5,2.0,descending,271.48
50.5,2.25,descending,273.13498
50.5,2.5,descending,272.68167
50.5,2.75,descending,271.885
50.5,3.0,descending,271.61
50.5,3.25,descending,271.82498
50.5,3.5,descending,271.9675
50.5,3.75,descending,271.76398
50.5,4.0,descending,271.64166
50.5,4.25,descending,271.762
50.5,4.5,descending,272.17572
50.5,4.75,descending,272.74
50.5,5.0,descending,273.12
50.5,5.25,descending,273.322
50.5,5.5,descending,273.57285
50.5,5.75,descending,273.93832
50.5,6.0,descending,274.145
50.5,6.25,descending,274.03714
50.5,6.5,descending,273.94498
50.5,6.75,descending,273.96286
50.5,7.0,descending,273.95142
50.5,7.25,descending,273.82712
50.5,7.5,descending,274.13715
50.5,7.75,descending,274.46713
50.5,8.0,descending,274.7425
50.5,8.25,descending,275.05713
50.5,8.5,descending,275.25
50.5,8.75,descending,275.8
50.5,9.0,descending,277.09125
50.5,9.25,descending,278.15875
50.5,9.5,descending,278.53445
50.5,9.75,descending,278.46124
50.5,10.0,descending,278.433
50.5,10.25,descending,278.51898
50.5,10.5,descending,278.53333
50.5,10.75,descending,278.775
50.5,11.0,descending,278.9831
50.5,11.25,descending,278.9107
50.5,11.5,descending,278.55
50.5,11.75,descending,278.5521
50.5,12.0,descending,278.6
50.5,13.25,descending,279.47333
50.5,13.5,descending,279.19763
50.5,13.75,descending,278.815
50.5,14.0,descending,278.76846
50.5,14.25,descending,278.82498
50.5,14.5,descending,278.96545
50.5,14.75,descending,279.11398
50.5,15.0,descending,279.06555
50.5,15.25,descending,279.1011
50.5,15.5,descending,278.92776
50.5,15.75,descending,278.565
50.5,16.0,descending,278.8
50.5,16.25,descending,279.24625
50.5,16.5,descending,279.67874
50.5,16.75,descending,279.57712
50.5,17.0,descending,278.89874
50.5,17.25,descending,278.65375
50.5,17.5,descending,278.58286
50.5,17.75,descending,278.78333
50.5,18.0,descending,278.16
50.5,18.25,descending,277.34
50.5,18.5,descending,276.21375
50.5,18.75,descending,275.455
50.5,19.0,descending,274.655
50.5,19.25,descending,274.29834
50.5,19.5,descending,274.52286
50.5,19.75,descending,275.15665
50.5,20.0,descending,275.37714
50.5,20.25,descending,275.24167
50.5,20.5,descending,274.97427
50.5,20.75,descending,274.63666
50.5,21.0,descending,274.49
50.5,21.25,descending,274.58398
50.5,21.5,descending,274.78998
50.5,21.75,descending,275.204
50.5,22.0,descending,275.295
50.5,22.25,descending,275.41
50.5,22.5,descending,275.37396
50.5,22.75,descending,275.27167
50.5,23.0,descending,275.16833
50.5,23.25,descending,275.04666
50.5,23.5,descending,274.784
50.5,23.75,descending,274.48166
50.5,24.0,descending,274.475
50.5,24.25,descending,274.60666
50.5,24.5,descending,274.86002
50.5,24.75,descending,275.16833
50.5,25.0,descending,275.50333
50.5,25.25,descending,275.90833
50.5,25.5,descending,276.26834
50.5,25.75,descending,276.45
50.5,26.0,descending,276.72
50.5,26.25,descending,276.96164
50.5,26.5,descending,277.09665
50.5,26.75,descending,277.34
50.5,27.0,descending,277.524
50.5,27.25,descending,278.00497
50.5,27.5,descending,278.0118
50.5,27.75,descending,277.5305
50.5,28.0,descending,276.99292
50.5,28.25,descending,276.54468
50.5,28.5,descending,276.13666
50.5,28.75,descending,275.44284
50.5,29.0,descending,275.5875
50.5,29.25,descending,275.32864
50.5,29.5,descending,275.15866
50.5,29.75,descending,274.34152
50.5,30.0,descending,273.44928
50.5,30.25,descending,271.35284
50.5,30.5,descending,269.95642
50.5,30.75,descending,270.15067
50.5,31.0,descending,270.68582
50.5,31.25,descending,271.245
50.5,31.5,descending,271.77142
50.5,31.75,descending,272.3223
50.5,32.0,descending,272.07333
50.5,32.25,descending,272.18924
50.5,32.5,descending,272.46384
50.5,32.75,descending,272.75922
50.5,33.0,descending,273.12213
50.5,33.25,descending,273.15067
50.5,33.5,descending,273.13858
50.5,33.75,descending,273.25616
50.5,34.0,descending,273.26785
50.5,34.25,descending,273.37357
50.5,34.5,descending,272.98352
50.5,34.75,descending,272.20856
50.5,35.0,descending,271.37234
50.5,35.25,descending,270.54932
50.5,35.5,descending,269.6553
50.5,35.75,descending,268.80276
50.5,36.0,descending,268.40143
50.5,36.25,descending,267.90137
50.5,36.5,descending,267.70718
50.5,36.75,descending,268.2506
50.5,37.0,descending,268.872
50.5,37.25,descending,268.89398
50.5,37.5,descending,269.00665
50.5,37.75,descending,269.114
50.5,38.0,descending,268.97748
50.75,-13.0,descending,187.95749
50.75,-12.75,descending,187.562
50.75,-12.5,descending,187.21555
50.75,-11.25,descending,190.67
50.75,-11.0,descending,190.70732
50.75,-10.75,descending,190.31691
50.75,-10.5,descending,189.72249
50.75,-10.25,descending,189.08453
50.75,-10.0,descending,188.599
50.75,-9.75,descending,188.53
50.75,-9.5,descending,188.698
50.75,-9.25,descending,188.92778
50.75,-9.0,descending,189.0657
50.75,-8.75,descending,189.13249
50.75,-8.5,descending,189.14143
50.75,-8.25,descending,189.08249
50.75,-8.0,descending,189.23856
50.75,-7.75,descending,189.42
50.75,-7.5,descending,189.33624
50.75,-7.25,descending,189.04834
50.75,-7.0,descending,188.92429
50.75,-6.75,descending,189.15285
50.75,-6.5,descending,189.256
50.75,-6.25,descending,189.23856
50.75,-6.0,descending,189.12285
50.75,-5.75,descending,189.316
50.75,-5.5,descending,190.85333
50.75,-5.25,descending,197.20833
50.75,-5.0,descending,210.76001
50.75,-4.75,descending,232.16167
50.75,-4.5,descending,249.99199
50.75,-4.25,descending,257.88998
50.75,-4.0,descending,261.46832
50.75,-3.75,descending,257.12997
50.75,-3.5,descending,248.01332
50.75,-3.25,descending,232.35
50.75,-3.0,descending,223.70401
50.75,-2.75,descending,222.44331
50.75,-2.5,descending,225.67998
50.75,-2.25,descending,223.48001
50.75,-2.0,descending,226.26166
50.75,-1.75,descending,218.79599
50.75,-1.5,descending,219.898
50.75,-1.25,descending,219.316
50.75,-1.0,descending,215.98799
50.75,-0.75,descending,212.616
50.75,-0.5,descending,208.94334
50.75,-0.25,descending,209.182
50.75,-0.0,descending,207.53166
50.75,0.25,descending,207.73999
50.75,0.5,descending,205.448
50.75,0.75,descending,200.28166
50.75,1.0,descending,197.51
50.75,1.25,descending,205.254
50.75,1.5,descending,226.56667
50.75,1.75,descending,253.55
50.75,2.0,descending,265.695
50.75,2.25,descending,268.512
50.75,2.5,descending,268.75998
50.75,2.75,descending,269.00168
50.75,3.0,descending,269.42166
50.75,3.25,descending,270.308
50.75,3.5,descending,271.43
50.75,3.75,descending,271.80002
50.75,4.0,descending,271.73166
50.75,4.25,descending,271.75168
50.75,4.5,descending,272.33835
50.75,4.75,descending,272.97333
50.75,5.0,descending,273.14832
50.75,5.25,descending,273.00168
50.75,5.5,descending,273.1
50.75,5.75,descending,273.64166
50.75,6.0,descending,274.05
50.75,6.25,descending,273.94333
50.75,6.5,descending,273.58832
50.75,6.75,descending,272.91
50.75,7.0,descending,272.87286
50.75,7.25,descending,273.66666
50.75,7.5,descending,274.45834
50.75,7.75,descending,275.03143
50.75,8.0,descending,275.23166
50.75,8.25,descending,275.33667
50.75,8.5,descending,275.5789
50.75,8.75,descending,276.1143
50.75,9.0,descending,276.88428
50.75,9.25,descending,277.56625
50.75,9.5,descending,277.96222
50.75,9.75,descending,278.24
50.75,10.0,descending,278.529
50.75,10.25,descending,278.897
50.75,10.5,descending,279.137
50.75,10.75,descending,279.30597
50.75,11.0,descending,279.27728
50.75,11.25,descending,278.93582
50.75,11.5,descending,278.67767
50.75,11.75,descending,278.74124
50.75,12.0,descending,278.71777
50.75,12.25,descending,278.58856
50.75,13.5,descending,279.75186
50.75,13.75,descending,279.6069
50.75,14.0,descending,279.395
50.75,14.25,descending,279.39908
50.75,14.5,descending,279.71545
50.75,14.75,descending,279.93698
50.75,15.0,descending,279.97
50.75,15.25,descending,280.20447
50.75,15.5,descending,280.14124
50.75,15.75,descending,279.91223
50.75,16.0,descending,279.60623
50.75,16.25,descending,279.46857
50.75,16.5,descending,279.33713
50.75,16.75,descending,278.82498
50.75,17.0,descending,277.99332
50.75,17.25,descending,277.19284
50.75,17.5,descending,277.13834
50.75,17.75,descending,277.71286
50.75,18.0,descending,278.22
50.75,18.25,descending,278.2257
50.75,18.5,descending,277.8033
50.75,18.75,descending,277.03333
50.75,19.0,descending,276.26166
50.75,19.25,descending,275.755
50.75,19.5,descending,275.755
50.75,19.75,descending,275.968
50.75,20.0,descending,276.11142
50.75,20.25,descending,275.8933
50.75,20.5,descending,275.605
50.75,20.75,descending,275.32
50.75,21.0,descending,275.018
50.75,21.25,descending,274.665
50.75,21.5,descending,274.40833
50.75,21.75,descending,274.35165
50.75,22.0,descending,274.708
50.75,22.25,descending,275.115
50.75,22.5,descending,275.33197
50.75,22.75,descending,275.26334
50.75,23.0,descending,275.02597
50.75,23.25,descending,274.87
50.75,23.5,descending,274.59198
50.75,23.75,descending,274.28598
50.75,24.0,descending,274.28165
50.75,24.25,descending,274.49
50.75,24.5,descending,274.76166
50.75,24.75,descending,275.05402
50.75,25.0,descending,275.47833
50.75,25.25,descending,275.97748
50.75,25.5,descending,276.47797
50.75,25.75,descending,276.67334
50.75,26.0,descending,276.752
50.75,26.25,descending,276.95
50.75,26.5,descending,277.19168
50.75,26.75,descending,277.51334
50.75,27.0,descending,277.632
50.75,27.25,descending,278.2009
50.75,27.5,descending,278.04666
50.75,27.75,descending,277.71698
50.75,28.0,descending,277.34155
50.75,28.25,descending,276.71124
50.75,28.5,descending,276.36234
50.75,28.75,descending,275.77197
50.75,29.0,descending,275.72626
50.75,29.25,descending,275.4831
50.75,29.5,descending,275.214
50.75,29.75,descending,274.7723
50.75,30.0,descending,272.37213
50.75,30.25,descending,267.94614
50.75,30.5,descending,265.69922
50.75,30.75,descending,268.5893
50.75,31.0,descending,271.1708
50.75,31.25,descending,272.65616
50.75,31.5,descending,272.6723
50.75,31.75,descending,273.28537
50.75,32.0,descending,272.94333
50.75,32.25,descending,272.62
50.75,32.5,descending,272.675
50.75,32.75,descending,272.86462
50.75,33.0,descending,272.49384
50.75,33.25,descending,272.63846
50.75,33.5,descending,272.91846
50.75,33.75,descending,273.0523
50.75,34.0,descending,273.02295
50.75,34.25,descending,272.86844
50.75,34.5,descending,272.19687
50.75,34.75,descending,271.70572
50.75,35.0,descending,271.02466
50.75,35.25,descending,270.56686
50.75,35.5,descending,269.96124
50.75,35.75,descending,269.37473
50.75,36.0,descending,268.75366
50.75,36.25,descending,268.5658
50.75,36.5,descending,268.6391
50.75,36.75,descending,268.6692
50.75,37.0,descending,269.0809
50.75,37.25,descending,269.24667
50.75,37.5,descending,269.37
50.75,37.75,descending,269.47165
50.75,38.0,descending,269.405
51.0,-13.0,descending,189.89374
51.0,-12.75,descending,189.22374
51.0,-12.5,descending,188.40399
51.0,-12.25,descending,188.40799
51.0,-11.25,descending,189.74416
51.0,-11.0,descending,189.79866
51.0,-10.75,descending,189.75076
51.0,-10.5,descending,189.48083
51.0,-10.25,descending,189.08545
51.0,-10.0,descending,188.704
51.0,-9.75,descending,188.55199
51.0,-9.5,descending,188.61888
51.0,-9.25,descending,188.89444
51.0,-9.0,descending,189.27667
51.0,-8.75,descending,189.74333
51.0,-8.5,descending,189.98375
51.0,-8.25,descending,189.69167
51.0,-8.0,descending,189.34555
51.0,-7.75,descending,189.2057
51.0,-7.5,descending,189.255
51.0,-7.25,descending,189.35286
51.0,-7.0,descending,189.43143
51.0,-6.75,descending,189.64667
51.0,-6.5,descending,189.82875
51.0,-6.25,descending,189.685
51.0,-6.0,descending,189.31334
51.0,-5.75,descending,189.08427
51.0,-5.5,descending,189.42334
51.0,-5.25,descending,191.0
51.0,-5.0,descending,195.92
51.0,-4.75,descending,210.24333
51.0,-4.5,descending,231.66333
51.0,-4.25,descending,251.93666
51.0,-4.0,descending,263.135
51.0,-3.75,descending,265.98666
51.0,-3.5,descending,263.87668
51.0,-3.25,descending,258.876
51.0,-3.0,descending,252.705
51.0,-2.75,descending,251.7
51.0,-2.5,descending,251.12166
51.0,-2.25,descending,255.44666
51.0,-2.0,descending,254.858
51.0,-1.75,descending,251.21999
51.0,-1.5,descending,246.61165
51.0,-1.25,descending,246.76599
51.0,-1.0,descending,244.56166
51.0,-0.75,descending,239.50798
51.0,-0.5,descending,237.168
51.0,-0.25,descending,239.305
51.0,-0.0,descending,229.65166
51.0,0.25,descending,239.64333
51.0,0.5,descending,229.43333
51.0,0.75,descending,224.03833
51.0,1.0,descending,210.15999
51.0,1.25,descending,204.54599
51.0,1.5,descending,215.18198
51.0,1.75,descending,233.36833
51.0,2.0,descending,249.01666
51.0,2.25,descending,254.59
51.0,2.5,descending,255.396
51.0,2.75,descending,256.996
51.0,3.0,descending,261.80667
51.0,3.25,descending,265.16833
51.0,3.5,descending,267.785
51.0,3.75,descending,269.13834
51.0,4.0,descending,269.52
51.0,4.25,descending,270.06332
51.0,4.5,descending,271.41333
51.0,4.75,descending,272.52332
51.0,5.0,descending,272.81
51.0,5.25,descending,272.694
51.0,5.5,descending,272.43427
51.0,5.75,descending,272.685
51.0,6.0,descending,273.06168
51.0,6.25,descending,273.00665
51.0,6.5,descending,272.44284
51.0,6.75,descending,271.54166
51.0,7.0,descending,272.1157
51.0,7.25,descending,273.81332
51.0,7.5,descending,275.11374
51.0,7.75,descending,275.81665
51.0,8.0,descending,276.06284
51.0,8.25,descending,276.14374
51.0,8.5,descending,276.24
51.0,8.75,descending,276.4125
51.0,9.0,descending,276.75998
51.0,9.25,descending,276.98712
51.0,9.5,descending,277.327
51.0,9.75,descending,277.66748
51.0,10.0,descending,277.8625
51.0,10.25,descending,278.005
51.0,10.5,descending,278.15726
51.0,10.75,descending,278.556
51.0,11.0,descending,278.83835
51.0,11.25,descending,279.02417
51.0,11.5,descending,279.06284
51.0,11.75,descending,278.86786
51.0,12.0,descending,278.4194
51.0,12.25,descending,278.03857
51.0,12.5,descending,277.80667
51.0,13.5,descending,280.02768
51.0,13.75,descending,280.21268
51.0,14.0,descending,280.52768
51.0,14.25,descending,280.77454
51.0,14.5,descending,280.93817
51.0,14.75,descending,280.952
51.0,15.0,descending,280.934
51.0,15.25,descending,280.8925
51.0,15.5,descending,280.75665
51.0,15.75,descending,280.58
51.0,16.0,descending,280.23874
51.0,16.25,descending,279.65625
51.0,16.5,descending,278.94376
51.0,16.75,descending,278.24142
51.0,17.0,descending,277.5175
51.0,17.25,descending,276.93832
51.0,17.5,descending,276.83856
51.0,17.75,descending,277.23166
51.0,18.0,descending,277.9425
51.0,18.25,descending,278.49667
51.0,18.5,descending,278.60666
51.0,18.75,descending,278.19833
51.0,19.0,descending,277.34143
51.0,19.25,descending,276.68665
51.0,19.5,descending,276.38858
51.0,19.75,descending,276.34665
51.0,20.0,descending,276.392
51.0,20.25,descending,276.27997
51.0,20.5,descending,276.024
51.0,20.75,descending,275.7333
51.0,21.0,descending,275.595
51.0,21.25,descending,275.3633
51.0,21.5,descending,274.96664
51.0,21.75,descending,274.60797
51.0,22.0,descending,274.56332
51.0,22.25,descending,274.694
51.0,22.5,descending,274.88498
51.0,22.75,descending,274.835
51.0,23.0,descending,274.66666
51.0,23.25,descending,274.43832
51.0,23.5,descending,274.44
51.0,23.75,descending,274.41666
51.0,24.0,descending,274.47247
51.0,24.25,descending,274.60666
51.0,24.5,descending,274.76834
51.0,24.75,descending,275.07498
51.0,25.0,descending,275.65
51.0,25.25,descending,276.245
51.0,25.5,descending,276.708
51.0,25.75,descending,277.01666
51.0,26.0,descending,277.07666
51.0,26.25,descending,277.11
51.0,26.5,descending,277.36002
51.0,26.75,descending,277.61166
51.0,27.0,descending,277.56332
51.0,27.25,descending,277.669
51.0,27.5,descending,278.06946
51.0,27.75,descending,277.723
51.0,28.0,descending,277.21832
51.0,28.25,descending,276.92664
51.0,28.5,descending,276.46063
51.0,28.75,descending,276.52066
51.0,29.0,descending,276.1875
51.0,29.25,descending,275.64713
51.0,29.5,descending,275.5133
51.0,29.75,descending,274.65732
51.0,30.0,descending,271.68066
51.0,30.25,descending,265.40768
51.0,30.5,descending,262.97784
51.0,30.75,descending,265.91306
51.0,31.0,descending,270.182
51.0,31.25,descending,272.37308
51.0,31.5,descending,272.96332
51.0,31.75,descending,272.65155
51.0,32.0,descending,273.00928
51.0,32.25,descending,273.02167
51.0,32.5,descending,272.786
51.0,32.75,descending,272.50748
51.0,33.0,descending,272.86078
51.0,33.25,descending,272.64142
51.0,33.5,descending,272.63428
51.0,33.75,descending,272.34845
51.0,34.0,descending,272.17572
51.0,34.25,descending,272.14084
51.0,34.5,descending,271.43713
51.0,34.75,descending,271.02786
51.0,35.0,descending,270.8975
51.0,35.25,descending,270.65866
51.0,35.5,descending,270.07312
51.0,35.75,descending,269.73624
51.0,36.0,descending,269.52554
51.0,36.25,descending,269.49734
51.0,36.5,descending,269.548
51.0,36.75,descending,269.4832
51.0,37.0,descending,269.30692
51.0,37.25,descending,269.09
51.0,37.5,descending,269.27426
51.0,37.75,descending,269.632
51.0,38.0,descending,269.74332
51.25,-13.0,descending,190.208
51.25,-12.75,descending,190.1223
51.25,-12.5,descending,189.63165
51.25,-12.25,descending,189.23
51.25,-11.25,descending,189.49875
51.25,-11.0,descending,189.56866
51.25,-10.75,descending,189.72461
51.25,-10.5,descending,189.84091
51.25,-10.25,descending,189.96182
51.25,-10.0,descending,189.83545
51.25,-9.75,descending,190.46222
51.25,-9.5,descending,190.7425
51.25,-9.25,descending,190.28111
51.25,-9.0,descending,190.2925
51.25,-8.75,descending,190.055
51.25,-8.5,descending,190.1725
51.25,-8.25,descending,190.38124
51.25,-8.0,descending,189.94429
51.25,-7.75,descending,189.41286
51.25,-7.5,descending,189.08
51.25,-7.25,descending,189.04141
51.25,-7.0,descending,189.14333
51.25,-6.75,descending,189.39857
51.25,-6.5,descending,189.60167
51.25,-6.25,descending,189.70667
51.25,-6.0,descending,189.48665
51.25,-5.75,descending,189.21333
51.25,-5.5,descending,189.39857
51.25,-5.25,descending,189.912
51.25,-5.0,descending,190.91399
51.25,-4.75,descending,194.022
51.25,-4.5,descending,206.41833
51.25,-4.25,descending,224.024
51.25,-4.0,descending,240.98999
51.25,-3.75,descending,251.224
51.25,-3.5,descending,254.16202
51.25,-3.25,descending,255.66333
51.25,-3.0,descending,258.4883
51.25,-2.75,descending,263.875
51.25,-2.5,descending,266.87167
51.25,-2.25,descending,268.83798
51.25,-2.0,descending,269.61398
51.25,-1.75,descending,269.19998
51.25,-1.5,descending,267.81598
51.25,-1.25,descending,265.69
51.25,-1.0,descending,264.84668
51.25,-0.75,descending,262.068
51.25,-0.5,descending,260.724
51.25,-0.25,descending,261.655
51.25,-0.0,descending,245.61111
51.25,0.25,descending,259.85498
51.25,0.5,descending,253.93166
51.25,0.75,descending,245.72499
51.25,1.0,descending,229.11398
51.25,1.25,descending,213.69832
51.25,1.5,descending,206.20601
51.25,1.75,descending,210.8
51.25,2.0,descending,218.95332
51.25,2.25,descending,227.32832
51.25,2.5,descending,232.79399
51.25,2.75,descending,236.5
51.25,3.0,descending,242.84999
51.25,3.25,descending,251.43
51.25,3.5,descending,257.61166
51.25,3.75,descending,260.87332
51.25,4.0,descending,262.655
51.25,4.25,descending,265.35602
51.25,4.5,descending,268.04
51.25,4.75,descending,270.58
51.25,5.0,descending,271.625
51.25,5.25,descending,271.92667
51.25,5.5,descending,271.608
51.25,5.75,descending,271.29834
51.25,6.0,descending,271.35498
51.25,6.25,descending,271.315
51.25,6.5,descending,270.912
51.25,6.75,descending,270.37332
51.25,7.0,descending,271.4833
51.25,7.25,descending,273.54666
51.25,7.5,descending,275.18286
51.25,7.75,descending,276.09
51.25,8.0,descending,276.64664
51.25,8.25,descending,276.70712
51.25,8.5,descending,276.4643
51.25,8.75,descending,276.22998
51.25,9.0,descending,276.24374
51.25,9.25,descending,276.42664
51.25,9.5,descending,276.70834
51.25,9.75,descending,276.83875
51.25,10.0,descending,276.789
51.25,10.25,descending,276.65714
51.25,10.5,descending,276.814
51.25,10.75,descending,277.58398
51.25,11.0,descending,278.341
51.25,11.25,descending,278.749
51.25,11.5,descending,278.58664
51.25,11.75,descending,277.8954
51.25,12.0,descending,277.20267
51.25,12.25,descending,277.05646
51.25,12.5,descending,277.88123
51.25,13.5,descending,280.24728
51.25,13.75,descending,280.37067
51.25,14.0,descending,280.45538
51.25,14.25,descending,280.5825
51.25,14.5,descending,280.651
51.25,14.75,descending,280.6736
51.25,15.0,descending,280.68222
51.25,15.25,descending,280.5722
51.25,15.5,descending,280.36334
51.25,15.75,descending,280.11
51.25,16.0,descending,279.90625
51.25,16.25,descending,279.53
51.25,16.5,descending,279.0575
51.25,16.75,descending,278.2657
51.25,17.0,descending,277.51712
51.25,17.25,descending,276.93283
51.25,17.5,descending,276.97165
51.25,17.75,descending,277.37997
51.25,18.0,descending,277.995
51.25,18.25,descending,278.46832
51.25,18.5,descending,278.71573
51.25,18.75,descending,278.54166
51.25,19.0,descending,277.9714
51.25,19.25,descending,277.178
51.25,19.5,descending,276.65802
51.25,19.75,descending,276.5114
51.25,20.0,descending,276.555
51.25,20.25,descending,276.5533
51.25,20.5,descending,276.40286
51.25,20.75,descending,276.12332
51.25,21.0,descending,275.93832
51.25,21.25,descending,275.77832
51.25,21.5,descending,275.318
51.25,21.75,descending,274.798
51.25,22.0,descending,274.58334
51.25,22.25,descending,274.48798
51.25,22.5,descending,274.36002
51.25,22.75,descending,274.17285
51.25,23.0,descending,273.97998
51.25,23.25,descending,273.8725
51.25,23.5,descending,273.83667
51.25,23.75,descending,273.934
51.25,24.0,descending,274.375
51.25,24.25,descending,274.628
51.25,24.5,descending,274.694
51.25,24.75,descending,275.02997
51.25,25.0,descending,275.636
51.25,25.25,descending,276.4
51.25,25.5,descending,276.86166
51.25,25.75,descending,277.0575
51.25,26.0,descending,277.314
51.25,26.25,descending,277.45834
51.25,26.5,descending,277.496
51.25,26.75,descending,277.5675
51.25,27.0,descending,277.41
51.25,27.25,descending,276.85165
51.25,27.5,descending,278.2152
51.25,27.75,descending,277.9758
51.25,28.0,descending,277.74118
51.25,28.25,descending,277.2914
51.25,28.5,descending,276.73874
51.25,28.75,descending,276.63312
51.25,29.0,descending,276.45065
51.25,29.25,descending,275.95856
51.25,29.5,descending,275.945
51.25,29.75,descending,274.405
51.25,30.0,descending,271.15
51.25,30.25,descending,266.39
51.25,30.5,descending,265.0914
51.25,30.75,descending,266.78583
51.25,31.0,descending,269.36166
51.25,31.25,descending,271.52615
51.25,31.5,descending,272.31418
51.25,31.75,descending,272.79077
51.25,32.0,descending,272.6708
51.25,32.25,descending,272.64767
51.25,32.5,descending,272.9675
51.25,32.75,descending,272.86
51.25,33.0,descending,272.43466
51.25,33.25,descending,271.95166
51.25,33.5,descending,271.97308
51.25,33.75,descending,271.69928
51.25,34.0,descending,271.72
51.25,34.25,descending,271.52844
51.25,34.5,descending,271.25998
51.25,34.75,descending,270.86533
51.25,35.0,descending,270.77133
51.25,35.25,descending,270.65134
51.25,35.5,descending,270.39624
51.25,35.75,descending,270.14062
51.25,36.0,descending,270.14645
51.25,36.25,descending,270.3025
51.25,36.5,descending,270.3283
51.25,36.75,descending,270.04407
51.25,37.0,descending,269.3626
51.25,37.25,descending,268.7115
51.25,37.5,descending,268.822
51.25,37.75,descending,269.232
51.25,38.0,descending,269.77332
51.5,-13.0,descending,189.34332
51.5,-12.75,descending,189.8807
51.5,-12.5,descending,189.96199
51.5,-12.25,descending,189.92055
51.5,-12.0,descending,190.15334
51.5,-11.25,descending,189.206
51.5,-11.0,descending,189.65187
51.5,-10.75,descending,190.70071
51.5,-10.5,descending,192.62231
51.5,-10.25,descending,195.89
51.5,-10.0,descending,198.58636
51.5,-9.75,descending,203.14777
51.5,-9.5,descending,206.025
51.5,-9.25,descending,207.7425
51.5,-9.0,descending,205.51111
51.5,-8.75,descending,202.09428
51.5,-8.5,descending,196.07332
51.5,-8.25,descending,191.94499
51.5,-8.0,descending,190.03285
51.5,-7.75,descending,189.67857
51.5,-7.5,descending,189.18
51.5,-7.25,descending,189.00166
51.5,-7.0,descending,188.9425
51.5,-6.75,descending,188.92285
51.5,-6.5,descending,188.93166
51.5,-6.25,descending,189.03429
51.5,-6.0,descending,189.16713
51.5,-5.75,descending,189.805
51.5,-5.5,descending,191.388
51.5,-5.25,descending,194.13284
51.5,-5.0,descending,196.12143
51.5,-4.75,descending,197.59666
51.5,-4.5,descending,202.09856
51.5,-4.25,descending,211.86333
51.5,-4.0,descending,225.17332
51.5,-3.75,descending,237.93834
51.5,-3.5,descending,245.16667
51.5,-3.25,descending,247.06999
51.5,-3.0,descending,250.53198
51.5,-2.75,descending,259.29666
51.5,-2.5,descending,267.20667
51.5,-2.25,descending,271.09
51.5,-2.0,descending,272.53665
51.5,-1.75,descending,272.895
51.5,-1.5,descending,272.822
51.5,-1.25,descending,272.02167
51.5,-1.0,descending,271.825
51.5,-0.75,descending,270.665
51.5,-0.5,descending,269.47333
51.5,-0.25,descending,268.84665
51.5,-0.0,descending,256.26334
51.5,0.25,descending,267.24167
51.5,0.5,descending,261.182
51.5,0.75,descending,249.18834
51.5,1.0,descending,234.576
51.5,1.25,descending,216.57166
51.5,1.5,descending,203.28667
51.5,1.75,descending,198.02798
51.5,2.0,descending,198.8
51.5,2.25,descending,201.95
51.5,2.5,descending,207.43666
51.5,2.75,descending,214.906
51.5,3.0,descending,218.525
51.5,3.25,descending,226.47166
51.5,3.5,descending,237.69
51.5,3.75,descending,245.64998
51.5,4.0,descending,251.43166
51.5,4.25,descending,258.03998
51.5,4.5,descending,263.555
51.5,4.75,descending,267.59833
51.5,5.0,descending,269.45834
51.5,5.25,descending,270.29666
51.5,5.5,descending,270.525
51.5,5.75,descending,270.302
51.5,6.0,descending,270.01166
51.5,6.25,descending,269.80667
51.5,6.5,descending,269.49374
51.5,6.75,descending,269.91165
51.5,7.0,descending,271.50668
51.5,7.25,descending,273.25714
51.5,7.5,descending,274.81833
51.5,7.75,descending,275.83713
51.5,8.0,descending,276.43713
51.5,8.25,descending,276.50998
51.5,8.5,descending,276.1575
51.5,8.75,descending,276.03
51.5,9.0,descending,276.0275
51.5,9.25,descending,276.08
51.5,9.5,descending,276.24625
51.5,9.75,descending,276.24142
51.5,10.0,descending,276.116
51.5,10.25,descending,276.195
51.5,10.5,descending,276.70374
51.5,10.75,descending,277.4275
51.5,11.0,descending,278.08817
51.5,11.25,descending,278.379
51.5,11.5,descending,277.82416
51.5,11.75,descending,277.00497
51.5,12.0,descending,276.5914
51.5,12.25,descending,277.1813
51.5,12.5,descending,278.5437
51.5,12.75,descending,279.82855
51.5,13.5,descending,280.83374
51.5,13.75,descending,280.75266
51.5,14.0,descending,280.54846
51.5,14.25,descending,280.30615
51.5,14.5,descending,280.28635
51.5,14.75,descending,280.43
51.5,15.0,descending,280.476
51.5,15.25,descending,280.34998
51.5,15.5,descending,280.07443
51.5,15.75,descending,279.7922
51.5,16.0,descending,279.61887
51.5,16.25,descending,279.50873
51.5,16.5,descending,279.3986
51.5,16.75,descending,279.13373
51.5,17.0,descending,278.3943
51.5,17.25,descending,277.85623
51.5,17.5,descending,277.48123
51.5,17.75,descending,277.74286
51.5,18.0,descending,278.12
51.5,18.25,descending,278.38
51.5,18.5,descending,278.4657
51.5,18.75,descending,278.45334
51.5,19.0,descending,278.15
51.5,19.25,descending,277.6
51.5,19.5,descending,277.0
51.5,19.75,descending,276.69598
51.5,20.0,descending,276.68
51.5,20.25,descending,276.672
51.5,20.5,descending,276.49
51.5,20.75,descending,276.188
51.5,21.0,descending,275.91998
51.5,21.25,descending,275.74
51.5,21.5,descending,275.44833
51.5,21.75,descending,274.83167
51.5,22.0,descending,274.382
51.5,22.25,descending,274.24167
51.5,22.5,descending,273.9833
51.5,22.75,descending,273.6025
51.5,23.0,descending,273.37598
51.5,23.25,descending,273.26666
51.5,23.5,descending,272.90997
51.5,23.75,descending,272.646
51.5,24.0,descending,273.17502
51.5,24.25,descending,273.806
51.5,24.5,descending,274.285
51.5,24.75,descending,274.918
51.5,25.0,descending,275.896
51.5,25.25,descending,276.58167
51.5,25.5,descending,276.854
51.5,25.75,descending,276.8633
51.5,26.0,descending,277.132
51.5,26.25,descending,277.51166
51.5,26.5,descending,277.54834
51.5,26.75,descending,277.36
51.5,27.0,descending,277.064
51.5,27.25,descending,276.7383
51.5,27.5,descending,278.39316
51.5,27.75,descending,278.3165
51.5,28.0,descending,278.29056
51.5,28.25,descending,278.00412
51.5,28.5,descending,277.91266
51.5,28.75,descending,277.49384
51.5,29.0,descending,277.36932
51.5,29.25,descending,276.40582
51.5,29.5,descending,275.24286
51.5,29.75,descending,274.26785
51.5,30.0,descending,272.30533
51.5,30.25,descending,269.5107
51.5,30.5,descending,268.3192
51.5,30.75,descending,269.8207
51.5,31.0,descending,270.63922
51.5,31.25,descending,272.17285
51.5,31.5,descending,272.75845
51.5,31.75,descending,272.7507
51.5,32.0,descending,272.8954
51.5,32.25,descending,272.51923
51.5,32.5,descending,272.6969
51.5,32.75,descending,272.17355
51.5,33.0,descending,272.0175
51.5,33.25,descending,271.64078
51.5,33.5,descending,271.36856
51.5,33.75,descending,271.07153
51.5,34.0,descending,271.2454
51.5,34.25,descending,270.97858
51.5,34.5,descending,270.9893
51.5,34.75,descending,270.19846
51.5,35.0,descending,270.61713
51.5,35.25,descending,270.30713
51.5,35.5,descending,270.43875
51.5,35.75,descending,270.4714
51.5,36.0,descending,270.4526
51.5,36.25,descending,270.74133
51.5,36.5,descending,270.8415
51.5,36.75,descending,270.495
51.5,37.0,descending,269.74954
51.5,37.25,descending,268.72345
51.5,37.5,descending,268.17072
51.5,37.75,descending,268.875
51.5,38.0,descending,269.21667
51.75,-13.0,descending,188.6675
51.75,-12.75,descending,189.32616
51.75,-12.5,descending,189.97076
51.75,-12.25,descending,190.39867
51.75,-12.0,descending,190.86429
51.75,-11.75,descending,191.0275
51.75,-11.25,descending,189.16
51.75,-11.0,descending,190.04187
51.75,-10.75,descending,192.946
51.75,-10.5,descending,198.25816
51.75,-10.25,descending,206.82274
51.75,-10.0,descending,216.75581
51.75,-9.75,descending,225.00555
51.75,-9.5,descending,236.999
51.75,-9.25,descending,241.93
51.75,-9.0,descending,243.81111
51.75,-8.75,descending,236.91624
51.75,-8.5,descending,227.28572
51.75,-8.25,descending,215.15572
51.75,-8.0,descending,201.03499
51.75,-7.75,descending,194.94142
51.75,-7.5,descending,191.95667
51.75,-7.25,descending,189.73143
51.75,-7.0,descending,189.29713
51.75,-6.75,descending,188.98001
51.75,-6.5,descending,188.74715
51.75,-6.25,descending,188.51833
51.75,-6.0,descending,188.624
51.75,-5.75,descending,190.03333
51.75,-5.5,descending,194.95714
51.75,-5.25,descending,203.816
51.75,-5.0,descending,213.95667
51.75,-4.75,descending,220.77333
51.75,-4.5,descending,222.65332
51.75,-4.25,descending,227.48
51.75,-4.0,descending,235.12334
51.75,-3.75,descending,243.915
51.75,-3.5,descending,250.61398
51.75,-3.25,descending,255.43399
51.75,-3.0,descending,254.99834
51.75,-2.75,descending,258.18668
51.75,-2.5,descending,264.8583
51.75,-2.25,descending,270.32
51.75,-2.0,descending,272.25
51.75,-1.75,descending,272.83398
51.75,-1.5,descending,272.9
51.75,-1.25,descending,272.888
51.75,-1.0,descending,272.61166
51.75,-0.75,descending,272.16998
51.75,-0.5,descending,271.17166
51.75,-0.25,descending,270.35602
51.75,-0.0,descending,257.355
51.75,0.25,descending,269.84
51.75,0.5,descending,265.64398
51.75,0.75,descending,252.47
51.75,1.0,descending,234.84999
51.75,1.25,descending,216.9775
51.75,1.5,descending,201.07199
51.75,1.75,descending,193.65666
51.75,2.0,descending,191.84999
51.75,2.25,descending,192.3475
51.75,2.5,descending,193.02167
51.75,2.75,descending,195.952
51.75,3.0,descending,201.00665
51.75,3.25,descending,205.10999
51.75,3.5,descending,216.45
51.75,3.75,descending,226.448
51.75,4.0,descending,236.14166
51.75,4.25,descending,248.65166
51.75,4.5,descending,258.51834
51.75,4.75,descending,263.91333
51.75,5.0,descending,266.65833
51.75,5.25,descending,267.986
51.75,5.5,descending,269.13602
51.75,5.75,descending,269.40665
51.75,6.0,descending,269.4233
51.75,6.25,descending,269.42166
51.75,6.5,descending,269.80167
51.75,6.75,descending,270.51666
51.75,7.0,descending,271.766
51.75,7.25,descending,273.15
51.75,7.5,descending,274.34164
51.75,7.75,descending,275.19
51.75,8.0,descending,275.79834
51.75,8.25,descending,275.82498
51.75,8.5,descending,275.81665
51.75,8.75,descending,276.05
51.75,9.0,descending,276.18625
51.75,9.25,descending,276.13715
51.75,9.5,descending,276.13858
51.75,9.75,descending,276.13858
51.75,10.0,descending,276.3678
51.75,10.25,descending,276.89124
51.75,10.5,descending,277.36874
51.75,10.75,descending,277.96887
51.75,11.0,descending,278.24332
51.75,11.25,descending,278.08887
51.75,11.5,descending,277.63272
51.75,11.75,descending,277.32092
51.75,12.0,descending,277.68
51.75,12.25,descending,278.47153
51.75,12.5,descending,279.98175
51.75,12.75,descending,280.98553
51.75,13.0,descending,281.48285
51.75,13.5,descending,282.09
51.75,13.75,descending,281.925
51.75,14.0,descending,281.7923
51.75,14.25,descending,281.46
51.75,14.5,descending,281.23636
51.75,14.75,descending,281.39777
51.75,15.0,descending,281.352
51.75,15.25,descending,280.9375
51.75,15.5,descending,280.43665
51.75,15.75,descending,280.10858
51.75,16.0,descending,279.86624
51.75,16.25,descending,279.81427
51.75,16.5,descending,279.76428
51.75,16.75,descending,279.65714
51.75,17.0,descending,279.3075
51.75,17.25,descending,278.69333
51.75,17.5,descending,278.36002
51.75,17.75,descending,278.10797
51.75,18.0,descending,278.08713
51.75,18.25,descending,278.0257
51.75,18.5,descending,277.88498
51.75,18.75,descending,277.89166
51.75,19.0,descending,277.91284
51.75,19.25,descending,277.73398
51.75,19.5,descending,277.38998
51.75,19.75,descending,277.095
51.75,20.0,descending,276.93
51.75,20.25,descending,276.755
51.75,20.5,descending,276.38333
51.75,20.75,descending,275.84665
51.75,21.0,descending,275.43167
51.75,21.25,descending,275.27664
51.75,21.5,descending,275.19333
51.75,21.75,descending,274.86398
51.75,22.0,descending,274.26166
51.75,22.25,descending,273.96198
51.75,22.5,descending,273.87997
51.75,22.75,descending,273.56
51.75,23.0,descending,273.18668
51.75,23.25,descending,273.02597
51.75,23.5,descending,272.8
51.75,23.75,descending,272.19833
51.75,24.0,descending,272.21
51.75,24.25,descending,272.86667
51.75,24.5,descending,273.5775
51.75,24.75,descending,274.67166
51.75,25.0,descending,275.862
51.75,25.25,descending,276.77
51.75,25.5,descending,276.654
51.75,25.75,descending,276.215
51.75,26.0,descending,276.31998
51.75,26.25,descending,276.79248
51.75,26.5,descending,276.99832
51.75,26.75,descending,276.68
51.75,27.0,descending,276.326
51.75,27.25,descending,276.1425
51.75,27.5,descending,277.86353
51.75,27.75,descending,278.2565
51.75,28.0,descending,277.95105
51.75,28.25,descending,277.78668
51.75,28.5,descending,277.56647
51.75,28.75,descending,277.285
51.75,29.0,descending,276.72626
51.75,29.25,descending,275.81857
51.75,29.5,descending,274.258
51.75,29.75,descending,272.75
51.75,30.0,descending,272.17642
51.75,30.25,descending,271.4823
51.75,30.5,descending,270.56
51.75,30.75,descending,270.94916
51.75,31.0,descending,272.49734
51.75,31.25,descending,273.3191
51.75,31.5,descending,273.72076
51.75,31.75,descending,273.6175
51.75,32.0,descending,273.4523
51.75,32.25,descending,273.01416
51.75,32.5,descending,272.65
51.75,32.75,descending,271.93307
51.75,33.0,descending,271.27844
51.75,33.25,descending,271.24832
51.75,33.5,descending,271.4907
51.75,33.75,descending,271.4054
51.75,34.0,descending,271.31152
51.75,34.25,descending,270.80692
51.75,34.5,descending,270.5977
51.75,34.75,descending,270.52866
51.75,35.0,descending,270.77615
51.75,35.25,descending,270.72214
51.75,35.5,descending,270.698
51.75,35.75,descending,270.646
51.75,36.0,descending,270.8193
51.75,36.25,descending,270.994
51.75,36.5,descending,271.0047
51.75,36.75,descending,270.52646
51.75,37.0,descending,269.6415
51.75,37.25,descending,268.4519
51.75,37.5,descending,267.3244
51.75,37.75,descending,267.73776
51.75,38.0,descending,268.94998
52.0,-13.0,descending,188.29668
52.0,-12.75,descending,188.735
52.0,-12.5,descending,189.1577
52.0,-12.25,descending,189.31866
52.0,-12.0,descending,189.54437
52.0,-11.75,descending,189.693
52.0,-11.5,descending,189.456
52.0,-11.0,descending,191.14438
52.0,-10.75,descending,194.91266
52.0,-10.5,descending,202.0775
52.0,-10.25,descending,213.67818
52.0,-10.0,descending,229.67818
52.0,-9.75,descending,243.349
52.0,-9.5,descending,254.95442
52.0,-9.25,descending,262.22668
52.0,-9.0,descending,265.6275
52.0,-8.75,descending,266.1825
52.0,-8.5,descending,263.3925
52.0,-8.25,descending,251.95248
52.0,-8.0,descending,237.72125
52.0,-7.75,descending,225.56142
52.0,-7.5,descending,209.6725
52.0,-7.25,descending,202.91286
52.0,-7.0,descending,195.53333
52.0,-6.75,descending,193.51375
52.0,-6.5,descending,191.33833
52.0,-6.25,descending,189.18333
52.0,-6.0,descending,188.33875
52.0,-5.75,descending,189.22499
52.0,-5.5,descending,193.01
52.0,-5.25,descending,204.15833
52.0,-5.0,descending,220.12334
52.0,-4.75,descending,235.24165
52.0,-4.5,descending,246.11198
52.0,-4.25,descending,251.57397
52.0,-4.0,descending,256.706
52.0,-3.75,descending,261.518
52.0,-3.5,descending,264.78165
52.0,-3.25,descending,267.495
52.0,-3.0,descending,267.88333
52.0,-2.75,descending,267.525
52.0,-2.5,descending,267.33
52.0,-2.25,descending,269.88
52.0,-2.0,descending,272.16666
52.0,-1.75,descending,272.78665
52.0,-1.5,descending,272.65
52.0,-1.25,descending,272.41998
52.0,-1.0,descending,272.22797
52.0,-0.75,descending,272.008
52.0,-0.5,descending,271.63998
52.0,-0.25,descending,271.324
52.0,-0.0,descending,251.86499
52.0,0.25,descending,271.418
52.0,0.5,descending,269.5
52.0,0.75,descending,261.87833
52.0,1.0,descending,248.844
52.0,1.25,descending,228.73999
52.0,1.5,descending,208.986
52.0,1.75,descending,195.57666
52.0,2.0,descending,190.25835
52.0,2.25,descending,189.41333
52.0,2.5,descending,188.884
52.0,2.75,descending,189.222
52.0,3.0,descending,190.59166
52.0,3.25,descending,194.26332
52.0,3.5,descending,201.61165
52.0,3.75,descending,208.84
52.0,4.0,descending,224.6425
52.0,4.25,descending,241.102
52.0,4.5,descending,253.08333
52.0,4.75,descending,260.09198
52.0,5.0,descending,263.18997
52.0,5.25,descending,265.328
52.0,5.5,descending,267.63998
52.0,5.75,descending,268.76498
52.0,6.0,descending,269.375
52.0,6.25,descending,269.788
52.0,6.5,descending,270.54498
52.0,6.75,descending,271.48285
52.0,7.0,descending,272.59833
52.0,7.25,descending,273.33334
52.0,7.5,descending,273.86142
52.0,7.75,descending,274.51834
52.0,8.0,descending,275.06143
52.0,8.25,descending,275.17166
52.0,8.5,descending,275.3857
52.0,8.75,descending,275.86
52.0,9.0,descending,276.13333
52.0,9.25,descending,276.1657
52.0,9.5,descending,276.17123
52.0,9.75,descending,276.2257
52.0,10.0,descending,276.57776
52.0,10.25,descending,277.315
52.0,10.5,descending,277.95874
52.0,10.75,descending,278.347
52.0,11.0,descending,278.29123
52.0,11.25,descending,278.038
52.0,11.5,descending,277.90298
52.0,11.75,descending,278.30402
52.0,12.0,descending,279.26166
52.0,12.25,descending,280.43536
52.0,12.5,descending,281.32498
52.0,12.75,descending,281.7153
52.0,13.0,descending,281.6565
52.0,13.25,descending,280.87
52.0,13.5,descending,282.44
52.0,13.75,descending,282.37436
52.0,14.0,descending,282.42386
52.0,14.25,descending,282.4092
52.0,14.5,descending,282.28818
52.0,14.75,descending,282.22998
52.0,15.0,descending,282.08728
52.0,15.25,descending,281.72775
52.0,15.5,descending,281.173
52.0,15.75,descending,280.60333
52.0,16.0,descending,280.23123
52.0,16.25,descending,280.005
52.0,16.5,descending,279.7922
52.0,16.75,descending,279.57748
52.0,17.0,descending,279.43332
52.0,17.25,descending,279.3075
52.0,17.5,descending,279.15143
52.0,17.75,descending,278.8825
52.0,18.0,descending,278.6733
52.0,18.25,descending,278.355
52.0,18.5,descending,277.94
52.0,18.75,descending,277.66998
52.0,19.0,descending,277.70667
52.0,19.25,descending,277.84833
52.0,19.5,descending,277.70572
52.0,19.75,descending,277.466
52.0,20.0,descending,277.224
52.0,20.25,descending,276.8414
52.0,20.5,descending,276.10333
52.0,20.75,descending,275.15164
52.0,21.0,descending,274.44998
52.0,21.25,descending,274.422
52.0,21.5,descending,274.62
52.0,21.75,descending,274.68198
52.0,22.0,descending,274.38333
52.0,22.25,descending,274.00497
52.0,22.5,descending,273.78998
52.0,22.75,descending,273.62
52.0,23.0,descending,273.36002
52.0,23.25,descending,273.13998
52.0,23.5,descending,272.96198
52.0,23.75,descending,272.692
52.0,24.0,descending,272.572
52.0,24.25,descending,272.9625
52.0,24.5,descending,273.62
52.0,24.75,descending,274.534
52.0,25.0,descending,275.74857
52.0,25.25,descending,276.494
52.0,25.5,descending,276.35
52.0,25.75,descending,275.61
52.0,26.0,descending,275.11
52.0,26.25,descending,275.628
52.0,26.5,descending,275.8975
52.0,26.75,descending,275.35666
52.0,27.0,descending,274.69333
52.0,27.25,descending,274.525
52.0,27.5,descending,275.9625
52.0,27.75,descending,275.9065
52.0,28.0,descending,275.67422
52.0,28.25,descending,275.93167
52.0,28.5,descending,275.7547
52.0,28.75,descending,275.49
52.0,29.0,descending,275.71667
52.0,29.25,descending,274.72934
52.0,29.5,descending,273.86197
52.0,29.75,descending,273.4046
52.0,30.0,descending,272.80286
52.0,30.25,descending,271.98923
52.0,30.5,descending,271.68356
52.0,30.75,descending,272.03714
52.0,31.0,descending,273.03384
52.0,31.25,descending,273.88916
52.0,31.5,descending,274.19418
52.0,31.75,descending,274.1207
52.0,32.0,descending,273.7207
52.0,32.25,descending,273.41638
52.0,32.5,descending,272.87784
52.0,32.75,descending,272.185
52.0,33.0,descending,271.19644
52.0,33.25,descending,270.54306
52.0,33.5,descending,270.62915
52.0,33.75,descending,271.12668
52.0,34.0,descending,271.62213
52.0,34.25,descending,271.30847
52.0,34.5,descending,270.86688
52.0,34.75,descending,271.34076
52.0,35.0,descending,271.38428
52.0,35.25,descending,271.32077
52.0,35.5,descending,271.3943
52.0,35.75,descending,271.33
52.0,36.0,descending,271.28177
52.0,36.25,descending,271.18
52.0,36.5,descending,270.88187
52.0,36.75,descending,270.32764
52.0,37.0,descending,269.21524
52.0,37.25,descending,268.08557
52.0,37.5,descending,267.12476
52.0,37.75,descending,266.58844
52.0,38.0,descending,267.5875
52.25,-13.0,descending,187.48999
52.25,-12.75,descending,187.614
52.25,-12.5,descending,187.79915
52.25,-12.25,descending,187.94154
52.25,-12.0,descending,188.27383
52.25,-11.75,descending,188.78055
52.25,-11.5,descending,189.25665
52.25,-11.25,descending,189.37999
52.25,-11.0,descending,191.88666
52.25,-10.75,descending,194.27733
52.25,-10.5,descending,200.87166
52.25,-10.25,descending,210.64183
52.25,-10.0,descending,224.54091
52.25,-9.75,descending,243.43546
52.25,-9.5,descending,257.7411
52.25,-9.25,descending,266.07126
52.25,-9.0,descending,270.76776
52.25,-8.75,descending,272.59625
52.25,-8.5,descending,272.785
52.25,-8.25,descending,272.04874
52.25,-8.0,descending,267.1357
52.25,-7.75,descending,260.99832
52.25,-7.5,descending,252.39624
52.25,-7.25,descending,238.64
52.25,-7.0,descending,225.12572
52.25,-6.75,descending,220.15666
52.25,-6.5,descending,206.54141
52.25,-6.25,descending,197.73
52.25,-6.0,descending,191.81166
52.25,-5.75,descending,188.55
52.25,-5.5,descending,189.80429
52.25,-5.25,descending,193.038
52.25,-5.0,descending,204.60667
52.25,-4.75,descending,221.12
52.25,-4.5,descending,236.19429
52.25,-4.25,descending,253.23164
52.25,-4.0,descending,264.40332
52.25,-3.75,descending,270.44333
52.25,-3.5,descending,272.87833
52.25,-3.25,descending,273.715
52.25,-3.0,descending,273.628
52.25,-2.75,descending,272.47833
52.25,-2.5,descending,271.888
52.25,-2.25,descending,271.75
52.25,-2.0,descending,272.02
52.25,-1.75,descending,272.49332
52.25,-1.5,descending,272.472
52.25,-1.25,descending,271.97333
52.25,-1.0,descending,271.45834
52.25,-0.75,descending,271.142
52.25,-0.5,descending,271.204
52.25,-0.25,descending,271.21002
52.25,-0.0,descending,271.1025
52.25,0.25,descending,271.035
52.25,0.5,descending,270.996
52.25,0.75,descending,268.73398
52.25,1.0,descending,263.276
52.25,1.25,descending,249.04399
52.25,1.5,descending,226.18834
52.25,1.75,descending,205.26999
52.25,2.0,descending,191.55333
52.25,2.25,descending,188.37
52.25,2.5,descending,187.9075
52.25,2.75,descending,187.6825
52.25,3.0,descending,187.77666
52.25,3.25,descending,188.585
52.25,3.5,descending,191.14667
52.25,3.75,descending,195.998
52.25,4.0,descending,208.89333
52.25,4.25,descending,227.826
52.25,4.5,descending,246.58667
52.25,4.75,descending,255.18999
52.25,5.0,descending,258.33
52.25,5.25,descending,260.972
52.25,5.5,descending,264.59665
52.25,5.75,descending,267.492
52.25,6.0,descending,269.10498
52.25,6.25,descending,269.87833
52.25,6.5,descending,270.49832
52.25,6.75,descending,271.252
52.25,7.0,descending,272.15833
52.25,7.25,descending,272.615
52.25,7.5,descending,273.09665
52.25,7.75,descending,273.70834
52.25,8.0,descending,274.17856
52.25,8.25,descending,274.52167
52.25,8.5,descending,274.81998
52.25,8.75,descending,275.148
52.25,9.0,descending,275.38373
52.25,9.25,descending,275.61832
52.25,9.5,descending,275.75858
52.25,9.75,descending,275.99875
52.25,10.0,descending,276.32144
52.25,10.25,descending,276.92856
52.25,10.5,descending,277.90143
52.25,10.75,descending,278.52554
52.25,11.0,descending,278.67776
52.25,11.25,descending,278.59332
52.25,11.5,descending,278.68555
52.25,11.75,descending,279.477
52.25,12.0,descending,280.49667
52.25,12.25,descending,281.05453
52.25,12.5,descending,281.01462
52.25,12.75,descending,280.74133
52.25,13.0,descending,279.86823
52.25,13.25,descending,278.94186
52.25,13.5,descending,277.88
52.25,13.75,descending,281.08856
52.25,14.0,descending,281.31464
52.25,14.25,descending,281.50537
52.25,14.5,descending,281.89917
52.25,14.75,descending,282.006
52.25,15.0,descending,281.90442
52.25,15.25,descending,281.622
52.25,15.5,descending,281.15665
52.25,15.75,descending,280.685
52.25,16.0,descending,280.30124
52.25,16.25,descending,279.96
52.25,16.5,descending,279.5914
52.25,16.75,descending,279.1957
52.25,17.0,descending,278.96286
52.25,17.25,descending,278.77332
52.25,17.5,descending,278.7857
52.25,17.75,descending,278.62332
52.25,18.0,descending,278.5914
52.25,18.25,descending,278.46
52.25,18.5,descending,278.25143
52.25,18.75,descending,277.99
52.25,19.0,descending,277.74713
52.25,19.25,descending,277.642
52.25,19.5,descending,277.54
52.25,19.75,descending,277.25998
52.25,20.0,descending,276.9414
52.25,20.25,descending,276.506
52.25,20.5,descending,275.86398
52.25,20.75,descending,274.83
52.25,21.0,descending,273.888
52.25,21.25,descending,273.79834
52.25,21.5,descending,274.27
52.25,21.75,descending,274.55832
52.25,22.0,descending,274.38834
52.25,22.25,descending,274.08
52.25,22.5,descending,273.92667
52.25,22.75,descending,273.792
52.25,23.0,descending,273.53198
52.25,23.25,descending,273.276
52.25,23.5,descending,273.136
52.25,23.75,descending,273.16666
52.25,24.0,descending,273.28
52.25,24.25,descending,273.50833
52.25,24.5,descending,274.02
52.25,24.75,descending,274.57
52.25,25.0,descending,275.22998
52.25,25.25,descending,275.596
52.25,25.5,descending,275.586
52.25,25.75,descending,275.18167
52.25,26.0,descending,274.4625
52.25,26.25,descending,274.51248
52.25,26.5,descending,274.83
52.25,26.75,descending,274.435
52.25,27.0,descending,273.31168
52.25,27.25,descending,272.60333
52.25,27.5,descending,273.47272
52.25,27.75,descending,274.405
52.25,28.0,descending,274.23
52.25,28.25,descending,274.28833
52.25,28.5,descending,274.26056
52.25,28.75,descending,274.0543
52.25,29.0,descending,273.99765
52.25,29.25,descending,273.882
52.25,29.5,descending,273.94
52.25,29.75,descending,273.71866
52.25,30.0,descending,273.16855
52.25,30.25,descending,272.25845
52.25,30.5,descending,271.75232
52.25,30.75,descending,272.52692
52.25,31.0,descending,273.0823
52.25,31.25,descending,273.83084
52.25,31.5,descending,274.1823
52.25,31.75,descending,273.805
52.25,32.0,descending,273.58728
52.25,32.25,descending,273.01416
52.25,32.5,descending,272.54498
52.25,32.75,descending,271.58167
52.25,33.0,descending,270.93634
52.25,33.25,descending,270.48666
52.25,33.5,descending,270.50214
52.25,33.75,descending,271.0675
52.25,34.0,descending,271.0375
52.25,34.25,descending,271.2383
52.25,34.5,descending,271.87747
52.25,34.75,descending,271.71692
52.25,35.0,descending,272.02417
52.25,35.25,descending,271.8
52.25,35.5,descending,271.65732
52.25,35.75,descending,271.5723
52.25,36.0,descending,271.42642
52.25,36.25,descending,271.082
52.25,36.5,descending,270.65134
52.25,36.75,descending,270.16235
52.25,37.0,descending,269.42
52.25,37.25,descending,268.61823
52.25,37.5,descending,267.7239
52.25,37.75,descending,267.2342
52.25,38.0,descending,267.36667
52.5,-13.0,descending,187.586
52.5,-12.75,descending,188.034
52.5,-12.5,descending,188.3723
52.5,-12.25,descending,188.513
52.5,-12.0,descending,188.51266
52.5,-11.75,descending,188.64333
52.5,-11.5,descending,188.67883
52.5,-11.25,descending,188.5461
52.5,-11.0,descending,191.725
52.5,-10.75,descending,193.01399
52.5,-10.5,descending,195.28615
52.5,-10.25,descending,200.76
52.5,-10.0,descending,210.70819
52.5,-9.75,descending,228.01299
52.5,-9.5,descending,246.65201
52.5,-9.25,descending,259.38556
52.5,-9.0,descending,269.04443
52.5,-8.75,descending,272.7614
52.5,-8.5,descending,273.6475
52.5,-8.25,descending,274.16144
52.5,-8.0,descending,274.0625
52.5,-7.75,descending,273.03125
52.5,-7.5,descending,272.35165
52.5,-7.25,descending,267.41855
52.5,-7.0,descending,261.97858
52.5,-6.75,descending,250.38165
52.5,-6.5,descending,240.02
52.5,-6.25,descending,221.31142
52.5,-6.0,descending,203.21501
52.5,-5.75,descending,192.16429
52.5,-5.5,descending,189.07666
52.5,-5.25,descending,189.48833
52.5,-5.0,descending,192.48
52.5,-4.75,descending,199.92833
52.5,-4.5,descending,212.59799
52.5,-4.25,descending,233.154
52.5,-4.0,descending,254.948
52.5,-3.75,descending,268.892
52.5,-3.5,descending,273.934
52.5,-3.25,descending,274.916
52.5,-3.0,descending,274.784
52.5,-2.75,descending,274.22598
52.5,-2.5,descending,273.43832
52.5,-2.25,descending,272.402
52.5,-2.0,descending,271.49
52.5,-1.75,descending,271.172
52.5,-1.5,descending,271.26398
52.5,-1.25,descending,271.095
52.5,-1.0,descending,270.61798
52.5,-0.75,descending,270.18597
52.5,-0.5,descending,269.896
52.5,-0.25,descending,269.612
52.5,-0.0,descending,258.97873
52.5,0.25,descending,267.405
52.5,0.5,descending,268.7271
52.5,0.75,descending,268.09
52.5,1.0,descending,266.225
52.5,1.25,descending,259.285
52.5,1.5,descending,241.51166
52.5,1.75,descending,213.505
52.5,2.0,descending,195.5425
52.5,2.25,descending,188.22333
52.5,2.5,descending,187.33798
52.5,2.75,descending,187.25334
52.5,3.0,descending,187.245
52.5,3.25,descending,187.33833
52.5,3.5,descending,187.616
52.5,3.75,descending,189.29665
52.5,4.0,descending,195.98833
52.5,4.25,descending,212.15201
52.5,4.5,descending,232.56334
52.5,4.75,descending,247.84833
52.5,5.0,descending,248.99333
52.5,5.25,descending,248.814
52.5,5.5,descending,254.72499
52.5,5.75,descending,262.835
52.5,6.0,descending,267.53333
52.5,6.25,descending,269.034
52.5,6.5,descending,269.37332
52.5,6.75,descending,269.76498
52.5,7.0,descending,270.45667
52.5,7.25,descending,270.97498
52.5,7.5,descending,271.80573
52.5,7.75,descending,272.61398
52.5,8.0,descending,272.81497
52.5,8.25,descending,273.20856
52.5,8.5,descending,273.72714
52.5,8.75,descending,274.07855
52.5,9.0,descending,274.24857
52.5,9.25,descending,274.69144
52.5,9.5,descending,275.18713
52.5,9.75,descending,275.66855
52.5,10.0,descending,276.0975
52.5,10.25,descending,276.89285
52.5,10.5,descending,277.8175
52.5,10.75,descending,278.69284
52.5,11.0,descending,279.257
52.5,11.25,descending,279.56873
52.5,11.5,descending,279.662
52.5,11.75,descending,279.93887
52.5,12.0,descending,280.043
52.5,12.25,descending,279.71362
52.5,12.5,descending,279.09232
52.5,12.75,descending,278.31152
52.5,13.0,descending,277.51428
52.5,13.25,descending,277.0711
52.5,13.5,descending,277.312
52.5,13.75,descending,279.45834
52.5,14.0,descending,279.88214
52.5,14.25,descending,280.33917
52.5,14.5,descending,280.91
52.5,14.75,descending,281.30637
52.5,15.0,descending,281.61798
52.5,15.25,descending,281.66498
52.5,15.5,descending,281.34875
52.5,15.75,descending,280.96
52.5,16.0,descending,280.43332
52.5,16.25,descending,280.00876
52.5,16.5,descending,279.63715
52.5,16.75,descending,279.21625
52.5,17.0,descending,278.71124
52.5,17.25,descending,278.36856
52.5,17.5,descending,278.09714
52.5,17.75,descending,277.83
52.5,18.0,descending,277.4157
52.5,18.25,descending,277.29834
52.5,18.5,descending,277.43997
52.5,18.75,descending,277.42572
52.5,19.0,descending,277.22665
52.5,19.25,descending,276.84143
52.5,19.5,descending,276.65164
52.5,19.75,descending,276.396
52.5,20.0,descending,276.16165
52.5,20.25,descending,275.92334
52.5,20.5,descending,275.4643
52.5,20.75,descending,274.74
52.5,21.0,descending,273.93
52.5,21.25,descending,273.75
52.5,21.5,descending,274.17334
52.5,21.75,descending,274.648
52.5,22.0,descending,274.68198
52.5,22.25,descending,274.31833
52.5,22.5,descending,274.11832
52.5,22.75,descending,274.03748
52.5,23.0,descending,273.94666
52.5,23.25,descending,273.71
52.5,23.5,descending,273.59
52.5,23.75,descending,273.7
52.5,24.0,descending,273.91666
52.5,24.25,descending,274.108
52.5,24.5,descending,274.14832
52.5,24.75,descending,274.31
52.5,25.0,descending,274.354
52.5,25.25,descending,274.204
52.5,25.5,descending,274.13998
52.5,25.75,descending,274.2
52.5,26.0,descending,274.30832
52.5,26.25,descending,274.2875
52.5,26.5,descending,274.32666
52.5,26.75,descending,273.96
52.5,27.0,descending,273.3075
52.5,27.25,descending,272.57498
52.5,27.5,descending,273.04126
52.5,27.75,descending,275.4233
52.5,28.0,descending,275.46332
52.5,28.25,descending,275.81833
52.5,28.5,descending,275.46353
52.5,28.75,descending,275.49002
52.5,29.0,descending,275.17352
52.5,29.25,descending,274.6946
52.5,29.5,descending,274.40866
52.5,29.75,descending,273.75858
52.5,30.0,descending,273.13998
52.5,30.25,descending,272.86078
52.5,30.5,descending,272.33142
52.5,30.75,descending,272.2325
52.5,31.0,descending,272.9413
52.5,31.25,descending,273.41165
52.5,31.5,descending,273.44284
52.5,31.75,descending,272.94998
52.5,32.0,descending,272.71072
52.5,32.25,descending,272.81644
52.5,32.5,descending,271.75272
52.5,32.75,descending,271.70416
52.5,33.0,descending,271.70856
52.5,33.25,descending,270.13
52.5,33.5,descending,270.335
52.5,33.75,descending,270.15915
52.5,34.0,descending,270.88333
52.5,34.25,descending,271.32846
52.5,34.5,descending,271.77307
52.5,34.75,descending,272.20923
52.5,35.0,descending,272.37845
52.5,35.25,descending,272.1193
52.5,35.5,descending,271.87064
52.5,35.75,descending,271.72153
52.5,36.0,descending,271.42856
52.5,36.25,descending,270.98856
52.5,36.5,descending,270.65295
52.5,36.75,descending,270.3043
52.5,37.0,descending,270.21118
52.5,37.25,descending,269.71823
52.5,37.5,descending,268.96683
52.5,37.75,descending,268.59198
52.5,38.0,descending,268.06927
52.75,-13.0,descending,188.8525
52.75,-12.75,descending,189.39777
52.75,-12.5,descending,189.943
52.75,-12.25,descending,189.823
52.75,-12.0,descending,189.64153
52.75,-11.75,descending,189.3809
52.75,-11.5,descending,189.15688
52.75,-11.25,descending,189.18117
52.75,-11.0,descending,190.79332
52.75,-10.75,descending,193.19858
52.75,-10.5,descending,194.55077
52.75,-10.25,descending,196.98
52.75,-10.0,descending,202.647
52.75,-9.75,descending,214.12555
52.75,-9.5,descending,230.75816
52.75,-9.25,descending,247.13875
52.75,-9.0,descending,260.23557
52.75,-8.75,descending,267.7825
52.75,-8.5,descending,271.2175
52.75,-8.25,descending,273.16376
52.75,-8.0,descending,274.26715
52.75,-7.75,descending,274.55142
52.75,-7.5,descending,274.6486
52.75,-7.25,descending,274.50833
52.75,-7.0,descending,273.36
52.75,-6.75,descending,269.6443
52.75,-6.5,descending,261.18167
52.75,-6.25,descending,242.05165
52.75,-6.0,descending,220.14333
52.75,-5.75,descending,199.91167
52.75,-5.5,descending,190.875
52.75,-5.25,descending,189.81999
52.75,-5.0,descending,192.148
52.75,-4.75,descending,196.39
52.75,-4.5,descending,203.82666
52.75,-4.25,descending,217.02998
52.75,-4.0,descending,240.21855
52.75,-3.75,descending,259.58
52.75,-3.5,descending,270.53165
52.75,-3.25,descending,274.23
52.75,-3.0,descending,274.77
52.75,-2.75,descending,274.43668
52.75,-2.5,descending,273.684
52.75,-2.25,descending,272.616
52.75,-2.0,descending,271.45
52.75,-1.75,descending,270.60165
52.75,-1.5,descending,270.108
52.75,-1.25,descending,269.9425
52.75,-1.0,descending,269.85797
52.75,-0.75,descending,269.60498
52.75,-0.5,descending,268.882
52.75,-0.25,descending,266.13666
52.75,-0.0,descending,238.37166
52.75,0.25,descending,259.35602
52.75,0.5,descending,259.57797
52.75,0.75,descending,260.706
52.75,1.0,descending,258.53998
52.75,1.25,descending,254.82597
52.75,1.5,descending,239.3675
52.75,1.75,descending,214.85
52.75,2.0,descending,196.28833
52.75,2.25,descending,188.775
52.75,2.5,descending,187.122
52.75,2.75,descending,187.075
52.75,3.0,descending,187.18
52.75,3.25,descending,187.345
52.75,3.5,descending,187.63
52.75,3.75,descending,188.01
52.75,4.0,descending,190.64166
52.75,4.25,descending,200.756
52.75,4.5,descending,219.70332
52.75,4.75,descending,236.36165
52.75,5.0,descending,236.13998
52.75,5.25,descending,233.99165
52.75,5.5,descending,243.77666
52.75,5.75,descending,256.612
52.75,6.0,descending,264.94998
52.75,6.25,descending,268.098
52.75,6.5,descending,268.37332
52.75,6.75,descending,267.77167
52.75,7.0,descending,268.33334
52.75,7.25,descending,269.192
52.75,7.5,descending,270.06665
52.75,7.75,descending,270.98856
52.75,8.0,descending,271.145
52.75,8.25,descending,271.5
52.75,8.5,descending,272.26334
52.75,8.75,descending,272.79572
52.75,9.0,descending,273.23666
52.75,9.25,descending,273.8975
52.75,9.5,descending,274.90427
52.75,9.75,descending,275.65286
52.75,10.0,descending,276.28287
52.75,10.25,descending,276.9457
52.75,10.5,descending,277.63873
52.75,10.75,descending,278.37286
52.75,11.0,descending,279.145
52.75,11.25,descending,279.44623
52.75,11.5,descending,279.44
52.75,11.75,descending,279.16666
52.75,12.0,descending,279.06198
52.75,12.25,descending,278.76776
52.75,12.5,descending,278.3625
52.75,12.75,descending,277.74167
52.75,13.0,descending,277.31143
52.75,13.25,descending,277.55865
52.75,13.5,descending,278.22223
52.75,13.75,descending,279.01736
52.75,14.0,descending,279.68283
52.75,14.25,descending,279.93076
52.75,14.5,descending,280.23
52.75,14.75,descending,280.6022
52.75,15.0,descending,280.89816
52.75,15.25,descending,281.2333
52.75,15.5,descending,281.50552
52.75,15.75,descending,281.38123
52.75,16.0,descending,281.1511
52.75,16.25,descending,280.73285
52.75,16.5,descending,280.40125
52.75,16.75,descending,280.0275
52.75,17.0,descending,279.47
52.75,17.25,descending,278.85284
52.75,17.5,descending,278.41
52.75,17.75,descending,277.79715
52.75,18.0,descending,277.29498
52.75,18.25,descending,276.88168
52.75,18.5,descending,276.72858
52.75,18.75,descending,276.694
52.75,19.0,descending,276.47427
52.75,19.25,descending,276.122
52.75,19.5,descending,275.855
52.75,19.75,descending,275.65332
52.75,20.0,descending,275.61832
52.75,20.25,descending,275.638
52.75,20.5,descending,275.52997
52.75,20.75,descending,275.22598
52.75,21.0,descending,274.78598
52.75,21.25,descending,274.544
52.75,21.5,descending,274.718
52.75,21.75,descending,274.94598
52.75,22.0,descending,274.92
52.75,22.25,descending,274.69598
52.75,22.5,descending,274.36798
52.75,22.75,descending,274.23666
52.75,23.0,descending,274.25168
52.75,23.25,descending,274.1775
52.75,23.5,descending,274.08334
52.75,23.75,descending,274.14398
52.75,24.0,descending,274.494
52.75,24.25,descending,274.708
52.75,24.5,descending,274.76398
52.75,24.75,descending,274.586
52.75,25.0,descending,274.31
52.75,25.25,descending,273.966
52.75,25.5,descending,273.57
52.75,25.75,descending,273.45
52.75,26.0,descending,273.85602
52.75,26.25,descending,274.305
52.75,26.5,descending,274.10666
52.75,26.75,descending,273.43668
52.75,27.0,descending,272.9833
52.75,27.25,descending,272.7125
52.75,27.5,descending,272.30167
52.75,27.75,descending,276.13947
52.75,28.0,descending,276.10104
52.75,28.25,descending,276.7111
52.75,28.5,descending,277.24356
52.75,28.75,descending,275.708
52.75,29.0,descending,275.64624
52.75,29.25,descending,275.48642
52.75,29.5,descending,274.686
52.75,29.75,descending,273.88498
52.75,30.0,descending,273.79855
52.75,30.25,descending,272.86768
52.75,30.5,descending,273.09998
52.75,30.75,descending,273.12537
52.75,31.0,descending,272.5627
52.75,31.25,descending,272.63284
52.75,31.5,descending,271.85364
52.75,31.75,descending,272.13498
52.75,32.0,descending,272.0246
52.75,32.25,descending,271.69818
52.75,32.5,descending,271.94846
52.75,32.75,descending,271.40833
52.75,33.0,descending,271.13748
52.75,33.25,descending,270.94098
52.75,33.5,descending,270.75415
52.75,33.75,descending,270.60614
52.75,34.0,descending,270.79816
52.75,34.25,descending,270.91333
52.75,34.5,descending,271.16153
52.75,34.75,descending,271.77832
52.75,35.0,descending,272.19748
52.75,35.25,descending,272.4275
52.75,35.5,descending,272.41833
52.75,35.75,descending,272.11734
52.75,36.0,descending,271.66385
52.75,36.25,descending,271.23062
52.75,36.5,descending,271.07462
52.75,36.75,descending,270.93057
52.75,37.0,descending,270.76865
52.75,37.25,descending,270.25876
52.75,37.5,descending,270.10822
52.75,37.75,descending,269.5955
52.75,38.0,descending,268.88547
53.0,-13.0,descending,189.12
53.0,-12.75,descending,189.62111
53.0,-12.5,descending,190.003
53.0,-12.25,descending,190.21092
53.0,-12.0,descending,190.41
53.0,-11.75,descending,190.44331
53.0,-11.5,descending,190.57599
53.0,-11.25,descending,190.52882
53.0,-11.0,descending,190.69292
53.0,-10.75,descending,190.99791
53.0,-10.5,descending,191.96286
53.0,-10.25,descending,193.76082
53.0,-10.0,descending,197.49454
53.0,-9.75,descending,205.21199
53.0,-9.5,descending,217.995
53.0,-9.25,descending,235.4411
53.0,-9.0,descending,251.86
53.0,-8.75,descending,263.29623
53.0,-8.5,descending,268.07333
53.0,-8.25,descending,270.33
53.0,-8.0,descending,272.35623
53.0,-7.75,descending,273.355
53.0,-7.5,descending,274.08557
53.0,-7.25,descending,274.32285
53.0,-7.0,descending,274.05142
53.0,-6.75,descending,272.4757
53.0,-6.5,descending,266.79572
53.0,-6.25,descending,252.80998
53.0,-6.0,descending,231.94167
53.0,-5.75,descending,208.125
53.0,-5.5,descending,195.29668
53.0,-5.25,descending,190.832
53.0,-5.0,descending,192.75713
53.0,-4.75,descending,199.88
53.0,-4.5,descending,212.54665
53.0,-4.25,descending,227.93999
53.0,-4.0,descending,243.42833
53.0,-3.75,descending,258.50668
53.0,-3.5,descending,268.365
53.0,-3.25,descending,272.36166
53.0,-3.0,descending,273.595
53.0,-2.75,descending,273.666
53.0,-2.5,descending,273.34
53.0,-2.25,descending,272.81168
53.0,-2.0,descending,272.12167
53.0,-1.75,descending,271.044
53.0,-1.5,descending,269.97998
53.0,-1.25,descending,269.37167
53.0,-1.0,descending,269.11667
53.0,-0.75,descending,269.07498
53.0,-0.5,descending,268.2333
53.0,-0.25,descending,263.99
53.0,-0.0,descending,255.11833
53.0,0.25,descending,243.20999
53.0,0.5,descending,240.246
53.0,0.75,descending,240.158
53.0,1.0,descending,239.36398
53.0,1.25,descending,235.31749
53.0,1.5,descending,223.48167
53.0,1.75,descending,209.55801
53.0,2.0,descending,194.31667
53.0,2.25,descending,188.79999
53.0,2.5,descending,187.6675
53.0,2.75,descending,187.71599
53.0,3.0,descending,188.015
53.0,3.25,descending,188.346
53.0,3.5,descending,188.678
53.0,3.75,descending,189.23999
53.0,4.0,descending,189.73999
53.0,4.25,descending,194.54333
53.0,4.5,descending,208.485
53.0,4.75,descending,221.82199
53.0,5.0,descending,223.89166
53.0,5.25,descending,225.81667
53.0,5.5,descending,238.81198
53.0,5.75,descending,254.17499
53.0,6.0,descending,263.64398
53.0,6.25,descending,266.84167
53.0,6.5,descending,266.82666
53.0,6.75,descending,265.624
53.0,7.0,descending,266.38
53.0,7.25,descending,267.66165
53.0,7.5,descending,269.02167
53.0,7.75,descending,269.5
53.0,8.0,descending,269.69998
53.0,8.25,descending,270.02856
53.0,8.5,descending,270.64124
53.0,8.75,descending,271.504
53.0,9.0,descending,272.44
53.0,9.25,descending,273.38333
53.0,9.5,descending,274.3057
53.0,9.75,descending,275.26498
53.0,10.0,descending,276.03143
53.0,10.25,descending,276.48856
53.0,10.5,descending,276.6557
53.0,10.75,descending,277.37875
53.0,11.0,descending,277.85428
53.0,11.25,descending,278.206
53.0,11.5,descending,278.29623
53.0,11.75,descending,278.39557
53.0,12.0,descending,278.5289
53.0,12.25,descending,278.575
53.0,12.5,descending,278.18274
53.0,12.75,descending,277.55402
53.0,13.0,descending,277.50214
53.0,13.25,descending,277.67078
53.0,13.5,descending,277.7788
53.0,13.75,descending,277.8621
53.0,14.0,descending,278.65045
53.0,14.25,descending,279.13922
53.0,14.5,descending,279.0483
53.0,14.75,descending,279.3509
53.0,15.0,descending,279.362
53.0,15.25,descending,279.76898
53.0,15.5,descending,280.2589
53.0,15.75,descending,280.45554
53.0,16.0,descending,280.865
53.0,16.25,descending,281.07623
53.0,16.5,descending,280.8657
53.0,16.75,descending,280.56284
53.0,17.0,descending,280.02426
53.0,17.25,descending,279.43124
53.0,17.5,descending,278.83124
53.0,17.75,descending,278.32144
53.0,18.0,descending,277.7686
53.0,18.25,descending,277.3557
53.0,18.5,descending,277.0257
53.0,18.75,descending,276.74332
53.0,19.0,descending,276.36667
53.0,19.25,descending,275.96832
53.0,19.5,descending,275.78427
53.0,19.75,descending,275.77335
53.0,20.0,descending,275.75
53.0,20.25,descending,275.83667
53.0,20.5,descending,275.9243
53.0,20.75,descending,275.86832
53.0,21.0,descending,275.745
53.0,21.25,descending,275.528
53.0,21.5,descending,275.535
53.0,21.75,descending,275.50665
53.0,22.0,descending,275.318
53.0,22.25,descending,274.94833
53.0,22.5,descending,274.47998
53.0,22.75,descending,274.24
53.0,23.0,descending,274.185
53.0,23.25,descending,274.30832
53.0,23.5,descending,274.27167
53.0,23.75,descending,274.15997
53.0,24.0,descending,274.396
53.0,24.25,descending,274.904
53.0,24.5,descending,275.25598
53.0,24.75,descending,275.49332
53.0,25.0,descending,275.306
53.0,25.25,descending,275.165
53.0,25.5,descending,274.68198
53.0,25.75,descending,274.34833
53.0,26.0,descending,274.038
53.0,26.25,descending,274.23
53.0,26.5,descending,273.88168
53.0,26.75,descending,272.97333
53.0,27.0,descending,272.46
53.0,27.25,descending,272.19498
53.0,27.5,descending,272.0025
53.0,27.75,descending,276.12167
53.0,28.0,descending,276.211
53.0,28.25,descending,276.67444
53.0,28.5,descending,276.42722
53.0,28.75,descending,276.83664
53.0,29.0,descending,276.36212
53.0,29.25,descending,274.97665
53.0,29.5,descending,274.60666
53.0,29.75,descending,274.47076
53.0,30.0,descending,274.132
53.0,30.25,descending,274.07144
53.0,30.5,descending,274.21664
53.0,30.75,descending,273.6957
53.0,31.0,descending,272.8623
53.0,31.25,descending,272.58817
53.0,31.5,descending,272.18427
53.0,31.75,descending,271.81583
53.0,32.0,descending,271.23584
53.0,32.25,descending,271.30927
53.0,32.5,descending,271.53308
53.0,32.75,descending,271.46182
53.0,33.0,descending,270.60428
53.0,33.25,descending,271.18384
53.0,33.5,descending,270.73615
53.0,33.75,descending,270.81454
53.0,34.0,descending,271.19305
53.0,34.25,descending,270.91693
53.0,34.5,descending,271.07077
53.0,34.75,descending,271.38998
53.0,35.0,descending,271.8407
53.0,35.25,descending,272.37915
53.0,35.5,descending,272.6064
53.0,35.75,descending,272.35333
53.0,36.0,descending,271.91537
53.0,36.25,descending,271.72916
53.0,36.5,descending,271.5414
53.0,36.75,descending,271.41068
53.0,37.0,descending,271.198
53.0,37.25,descending,271.15588
53.0,37.5,descending,270.84058
53.0,37.75,descending,270.41498
53.0,38.0,descending,270.13498
53.25,-13.0,descending,189.0275
53.25,-12.75,descending,189.37665
53.25,-12.5,descending,189.90111
53.25,-12.25,descending,190.475
53.25,-12.0,descending,191.10399
53.25,-11.75,descending,191.37544
53.25,-11.5,descending,191.41182
53.25,-11.25,descending,191.32846
53.25,-11.0,descending,191.7425
53.25,-10.75,descending,191.8497
53.25,-10.5,descending,193.33209
53.25,-10.25,descending,195.36
53.25,-10.0,descending,200.18727
53.25,-9.75,descending,209.05698
53.25,-9.5,descending,218.37222
53.25,-9.25,descending,231.22125
53.25,-9.0,descending,245.56223
53.25,-8.75,descending,258.91125
53.25,-8.5,descending,266.40997
53.25,-8.25,descending,269.82428
53.25,-8.0,descending,271.15625
53.25,-7.75,descending,272.25714
53.25,-7.5,descending,272.84167
53.25,-7.25,descending,273.34283
53.25,-7.0,descending,272.9714
53.25,-6.75,descending,271.115
53.25,-6.5,descending,264.6157
53.25,-6.25,descending,252.122
53.25,-6.0,descending,232.58142
53.25,-5.75,descending,214.422
53.25,-5.5,descending,198.1657
53.25,-5.25,descending,191.72667
53.25,-5.0,descending,193.12834
53.25,-4.75,descending,201.08333
53.25,-4.5,descending,213.87334
53.25,-4.25,descending,226.99399
53.25,-4.0,descending,238.88599
53.25,-3.75,descending,249.06198
53.25,-3.5,descending,257.82797
53.25,-3.25,descending,264.416
53.25,-3.0,descending,269.255
53.25,-2.75,descending,271.25998
53.25,-2.5,descending,271.72665
53.25,-2.25,descending,271.968
53.25,-2.0,descending,272.072
53.25,-1.75,descending,271.692
53.25,-1.5,descending,270.6083
53.25,-1.25,descending,269.218
53.25,-1.0,descending,268.522
53.25,-0.75,descending,268.216
53.25,-0.5,descending,267.3625
53.25,-0.25,descending,263.794
53.25,-0.0,descending,233.64572
53.25,0.25,descending,233.34
53.25,0.5,descending,217.752
53.25,0.75,descending,214.602
53.25,1.0,descending,212.58
53.25,1.25,descending,209.872
53.25,1.5,descending,204.6825
53.25,1.75,descending,197.40666
53.25,2.0,descending,191.66
53.25,2.25,descending,189.89
53.25,2.5,descending,189.842
53.25,2.75,descending,189.918
53.25,3.0,descending,190.926
53.25,3.25,descending,191.49199
53.25,3.5,descending,191.65498
53.25,3.75,descending,191.8675
53.25,4.0,descending,191.20749
53.25,4.25,descending,193.17
53.25,4.5,descending,199.80165
53.25,4.75,descending,208.04199
53.25,5.0,descending,212.44165
53.25,5.25,descending,219.05998
53.25,5.5,descending,234.21501
53.25,5.75,descending,249.55801
53.25,6.0,descending,256.99167
53.25,6.25,descending,260.095
53.25,6.5,descending,259.754
53.25,6.75,descending,258.52332
53.25,7.0,descending,262.24667
53.25,7.25,descending,265.104
53.25,7.5,descending,267.48666
53.25,7.75,descending,267.43167
53.25,8.0,descending,267.34
53.25,8.25,descending,266.578
53.25,8.5,descending,267.55832
53.25,8.75,descending,270.26334
53.25,9.0,descending,271.91714
53.25,9.25,descending,272.81598
53.25,9.5,descending,273.44833
53.25,9.75,descending,273.98334
53.25,10.0,descending,274.37997
53.25,10.25,descending,274.6475
53.25,10.5,descending,275.1243
53.25,10.75,descending,275.82144
53.25,11.0,descending,276.4
53.25,11.25,descending,276.77625
53.25,11.5,descending,276.91876
53.25,11.75,descending,277.34375
53.25,12.0,descending,277.417
53.25,12.25,descending,277.145
53.25,12.5,descending,275.699
53.25,12.75,descending,275.19455
53.25,13.0,descending,275.73727
53.25,13.25,descending,276.30362
53.25,13.5,descending,276.53287
53.25,13.75,descending,276.71823
53.25,14.0,descending,276.90115
53.25,14.25,descending,277.39117
53.25,14.5,descending,277.6825
53.25,14.75,descending,277.68817
53.25,15.0,descending,277.86
53.25,15.25,descending,278.164
53.25,15.5,descending,278.81555
53.25,15.75,descending,279.1275
53.25,16.0,descending,279.40625
53.25,16.25,descending,279.78223
53.25,16.5,descending,280.09714
53.25,16.75,descending,279.86285
53.25,17.0,descending,279.46375
53.25,17.25,descending,278.9833
53.25,17.5,descending,278.4857
53.25,17.75,descending,278.21
53.25,18.0,descending,277.78998
53.25,18.25,descending,277.2383
53.25,18.5,descending,276.788
53.25,18.75,descending,276.4233
53.25,19.0,descending,276.10165
53.25,19.25,descending,275.7383
53.25,19.5,descending,275.7
53.25,19.75,descending,275.79166
53.25,20.0,descending,275.8533
53.25,20.25,descending,275.88202
53.25,20.5,descending,276.01
53.25,20.75,descending,276.136
53.25,21.0,descending,276.12
53.25,21.25,descending,276.02
53.25,21.5,descending,275.89334
53.25,21.75,descending,275.83
53.25,22.0,descending,275.564
53.25,22.25,descending,275.005
53.25,22.5,descending,274.50998
53.25,22.75,descending,274.184
53.25,23.0,descending,274.102
53.25,23.25,descending,274.18997
53.25,23.5,descending,274.2775
53.25,23.75,descending,274.13
53.25,24.0,descending,274.1575
53.25,24.25,descending,274.45
53.25,24.5,descending,275.058
53.25,24.75,descending,275.5325
53.25,25.0,descending,275.9283
53.25,25.25,descending,276.065
53.25,25.5,descending,275.9283
53.25,25.75,descending,275.485
53.25,26.0,descending,274.91
53.25,26.25,descending,274.5575
53.25,26.5,descending,274.09665
53.25,26.75,descending,273.352
53.25,27.0,descending,272.805
53.25,27.25,descending,272.27
53.25,27.5,descending,271.81
53.25,27.75,descending,276.20428
53.25,28.0,descending,276.9545
53.25,28.25,descending,276.51437
53.25,28.5,descending,276.2961
53.25,28.75,descending,275.92175
53.25,29.0,descending,275.728
53.25,29.25,descending,275.57
53.25,29.5,descending,275.60544
53.25,29.75,descending,274.5357
53.25,30.0,descending,274.67786
53.25,30.25,descending,274.7825
53.25,30.5,descending,274.60214
53.25,30.75,descending,274.13364
53.25,31.0,descending,274.23416
53.25,31.25,descending,272.9258
53.25,31.5,descending,272.85583
53.25,31.75,descending,271.81583
53.25,32.0,descending,271.63077
53.25,32.25,descending,271.4491
53.25,32.5,descending,270.9883
53.25,32.75,descending,270.83914
53.25,33.0,descending,270.69666
53.25,33.25,descending,270.663
53.25,33.5,descending,270.49307
53.25,33.75,descending,270.72928
53.25,34.0,descending,270.28415
53.25,34.25,descending,270.41272
53.25,34.5,descending,270.5909
53.25,34.75,descending,271.02832
53.25,35.0,descending,271.44537
53.25,35.25,descending,272.03076
53.25,35.5,descending,272.38925
53.25,35.75,descending,272.45273
53.25,36.0,descending,272.22934
53.25,36.25,descending,272.01846
53.25,36.5,descending,271.85428
53.25,36.75,descending,271.65356
53.25,37.0,descending,271.51065
53.25,37.25,descending,271.69797
53.25,37.5,descending,271.7007
53.25,37.75,descending,271.26062
53.25,38.0,descending,270.791
53.5,-13.0,descending,189.38
53.5,-12.75,descending,189.87375
53.5,-12.5,descending,190.58333
53.5,-12.25,descending,191.43443
53.5,-12.0,descending,191.93817
53.5,-11.75,descending,192.01
53.5,-11.5,descending,191.76166
53.5,-11.25,descending,191.90538
53.5,-11.0,descending,192.83
53.5,-10.75,descending,194.23601
53.5,-10.5,descending,199.1547
53.5,-10.25,descending,203.27533
53.5,-10.0,descending,212.14635
53.5,-9.75,descending,225.247
53.5,-9.5,descending,234.61363
53.5,-9.25,descending,245.76799
53.5,-9.0,descending,253.6075
53.5,-8.75,descending,260.3589
53.5,-8.5,descending,266.71667
53.5,-8.25,descending,269.96124
53.5,-8.0,descending,270.94666
53.5,-7.75,descending,271.4611
53.5,-7.5,descending,272.2443
53.5,-7.25,descending,272.6557
53.5,-7.0,descending,272.45572
53.5,-6.75,descending,270.2143
53.5,-6.5,descending,263.40286
53.5,-6.25,descending,249.21571
53.5,-6.0,descending,231.14667
53.5,-5.75,descending,211.665
53.5,-5.5,descending,198.69714
53.5,-5.25,descending,192.15799
53.5,-5.0,descending,191.7
53.5,-4.75,descending,194.842
53.5,-4.5,descending,204.22333
53.5,-4.25,descending,209.672
53.5,-4.0,descending,219.42429
53.5,-3.75,descending,220.58598
53.5,-3.5,descending,230.10498
53.5,-3.25,descending,241.93999
53.5,-3.0,descending,255.49666
53.5,-2.75,descending,265.13333
53.5,-2.5,descending,269.328
53.5,-2.25,descending,270.798
53.5,-2.0,descending,271.48398
53.5,-1.75,descending,271.33398
53.5,-1.5,descending,270.58798
53.5,-1.25,descending,269.336
53.5,-1.0,descending,267.88168
53.5,-0.75,descending,266.7
53.5,-0.5,descending,264.44333
53.5,-0.25,descending,257.6
53.5,-0.0,descending,230.57286
53.5,0.25,descending,225.45332
53.5,0.5,descending,208.03398
53.5,0.75,descending,197.51833
53.5,1.0,descending,196.03
53.5,1.25,descending,193.99333
53.5,1.5,descending,193.326
53.5,1.75,descending,191.68199
53.5,2.0,descending,191.33667
53.5,2.25,descending,192.3525
53.5,2.5,descending,194.90599
53.5,2.75,descending,195.27666
53.5,3.0,descending,195.76
53.5,3.25,descending,196.7975
53.5,3.5,descending,197.22499
53.5,3.75,descending,196.57199
53.5,4.0,descending,194.10667
53.5,4.25,descending,193.194
53.5,4.5,descending,195.26
53.5,4.75,descending,198.455
53.5,5.0,descending,203.10333
53.5,5.25,descending,209.43999
53.5,5.5,descending,221.40201
53.5,5.75,descending,231.15332
53.5,6.0,descending,238.46167
53.5,6.25,descending,241.446
53.5,6.5,descending,241.84999
53.5,6.75,descending,240.404
53.5,7.0,descending,250.93
53.5,7.25,descending,257.58334
53.5,7.5,descending,261.12332
53.5,7.75,descending,257.944
53.5,8.0,descending,257.4943
53.5,8.25,descending,257.14832
53.5,8.5,descending,261.33334
53.5,8.75,descending,267.22333
53.5,9.0,descending,270.17667
53.5,9.25,descending,271.19427
53.5,9.5,descending,271.41428
53.5,9.75,descending,271.44998
53.5,10.0,descending,272.18857
53.5,10.25,descending,272.93167
53.5,10.5,descending,273.65286
53.5,10.75,descending,273.955
53.5,11.0,descending,274.06375
53.5,11.25,descending,274.04498
53.5,11.5,descending,274.08502
53.5,11.75,descending,274.7125
53.5,12.0,descending,274.235
53.5,12.25,descending,273.20798
53.5,12.5,descending,272.04776
53.5,12.75,descending,272.97668
53.5,13.0,descending,274.83084
53.5,13.25,descending,275.922
53.5,13.5,descending,276.2914
53.5,13.75,descending,275.85867
53.5,14.0,descending,273.8438
53.5,14.25,descending,271.79938
53.5,14.5,descending,274.74213
53.5,14.75,descending,276.09726
53.5,15.0,descending,276.63818
53.5,15.25,descending,277.24
53.5,15.5,descending,277.7
53.5,15.75,descending,277.84998
53.5,16.0,descending,277.81375
53.5,16.25,descending,277.9025
53.5,16.5,descending,278.3511
53.5,16.75,descending,278.73624
53.5,17.0,descending,278.79288
53.5,17.25,descending,278.505
53.5,17.5,descending,278.08835
53.5,17.75,descending,277.8625
53.5,18.0,descending,277.6443
53.5,18.25,descending,277.20166
53.5,18.5,descending,276.43875
53.5,18.75,descending,275.685
53.5,19.0,descending,275.3033
53.5,19.25,descending,275.00333
53.5,19.5,descending,275.14142
53.5,19.75,descending,275.284
53.5,20.0,descending,275.41833
53.5,20.25,descending,275.27664
53.5,20.5,descending,275.25497
53.5,20.75,descending,275.38498
53.5,21.0,descending,275.33
53.5,21.25,descending,275.094
53.5,21.5,descending,274.776
53.5,21.75,descending,274.872
53.5,22.0,descending,275.235
53.5,22.25,descending,274.99832
53.5,22.5,descending,274.2983
53.5,22.75,descending,273.918
53.5,23.0,descending,273.98398
53.5,23.25,descending,273.992
53.5,23.5,descending,273.972
53.5,23.75,descending,273.62997
53.5,24.0,descending,273.53665
53.5,24.25,descending,273.65
53.5,24.5,descending,274.27
53.5,24.75,descending,274.81
53.5,25.0,descending,275.466
53.5,25.25,descending,276.03198
53.5,25.5,descending,276.30832
53.5,25.75,descending,275.976
53.5,26.0,descending,275.502
53.5,26.25,descending,275.04166
53.5,26.5,descending,274.71
53.5,26.75,descending,274.154
53.5,27.0,descending,273.52
53.5,27.25,descending,272.8125
53.5,27.5,descending,272.112
53.5,27.75,descending,275.14334
53.5,28.0,descending,276.935
53.5,28.25,descending,276.90588
53.5,28.5,descending,275.895
53.5,28.75,descending,275.78812
53.5,29.0,descending,275.0025
53.5,29.25,descending,275.0721
53.5,29.5,descending,275.0959
53.5,29.75,descending,275.34415
53.5,30.0,descending,275.72818
53.5,30.25,descending,275.49847
53.5,30.5,descending,275.2175
53.5,30.75,descending,274.97415
53.5,31.0,descending,273.89084
53.5,31.25,descending,274.1793
53.5,31.5,descending,272.63547
53.5,31.75,descending,272.66583
53.5,32.0,descending,271.8746
53.5,32.25,descending,270.94727
53.5,32.5,descending,270.7023
53.5,32.75,descending,271.22083
53.5,33.0,descending,270.45166
53.5,33.25,descending,270.0823
53.5,33.5,descending,270.32666
53.5,33.75,descending,270.17728
53.5,34.0,descending,270.345
53.5,34.25,descending,270.0893
53.5,34.5,descending,270.40155
53.5,34.75,descending,270.57834
53.5,35.0,descending,271.025
53.5,35.25,descending,271.5118
53.5,35.5,descending,271.74417
53.5,35.75,descending,272.025
53.5,36.0,descending,272.11533
53.5,36.25,descending,272.00214
53.5,36.5,descending,271.8569
53.5,36.75,descending,271.81638
53.5,37.0,descending,271.8725
53.5,37.25,descending,271.84125
53.5,37.5,descending,271.86133
53.5,37.75,descending,271.5031
53.5,38.0,descending,270.98798
53.75,-13.0,descending,189.52333
53.75,-12.75,descending,190.20375
53.75,-12.5,descending,190.97
53.75,-12.25,descending,191.63445
53.75,-12.0,descending,192.13222
53.75,-11.75,descending,192.404
53.75,-11.5,descending,192.2409
53.75,-11.25,descending,192.15251
53.75,-11.0,descending,192.95636
53.75,-10.75,descending,195.66519
53.75,-10.5,descending,200.66068
53.75,-10.25,descending,208.47299
53.75,-10.0,descending,215.75461
53.75,-9.75,descending,229.57199
53.75,-9.5,descending,244.73273
53.75,-9.25,descending,256.18143
53.75,-9.0,descending,262.6011
53.75,-8.75,descending,267.46
53.75,-8.5,descending,270.2675
53.75,-8.25,descending,271.57623
53.75,-8.0,descending,271.44873
53.75,-7.75,descending,271.32333
53.75,-7.5,descending,271.48248
53.75,-7.25,descending,272.01834
53.75,-7.0,descending,271.9643
53.75,-6.75,descending,269.34164
53.75,-6.5,descending,261.715
53.75,-6.25,descending,247.40666
53.75,-6.0,descending,226.73143
53.75,-5.75,descending,210.145
53.75,-5.5,descending,198.85399
53.75,-5.25,descending,193.75
53.75,-5.0,descending,192.76
53.75,-4.75,descending,193.73715
53.75,-4.5,descending,195.94167
53.75,-4.25,descending,197.43
53.75,-4.0,descending,199.46199
53.75,-3.75,descending,201.28
53.75,-3.5,descending,206.26399
53.75,-3.25,descending,219.352
53.75,-3.0,descending,237.23999
53.75,-2.75,descending,256.094
53.75,-2.5,descending,267.232
53.75,-2.25,descending,270.51166
53.75,-2.0,descending,271.156
53.75,-1.75,descending,271.24332
53.75,-1.5,descending,270.37
53.75,-1.25,descending,269.274
53.75,-1.0,descending,267.9475
53.75,-0.75,descending,265.28
53.75,-0.5,descending,258.47
53.75,-0.25,descending,248.19199
53.75,-0.0,descending,230.394
53.75,0.25,descending,214.20667
53.75,0.5,descending,200.99666
53.75,0.75,descending,192.42
53.75,1.0,descending,190.54167
53.75,1.25,descending,190.22499
53.75,1.5,descending,190.85667
53.75,1.75,descending,192.045
53.75,2.0,descending,194.396
53.75,2.25,descending,196.96832
53.75,2.5,descending,200.64
53.75,2.75,descending,202.96332
53.75,3.0,descending,202.83167
53.75,3.25,descending,202.25749
53.75,3.5,descending,203.818
53.75,3.75,descending,203.13399
53.75,4.0,descending,198.75835
53.75,4.25,descending,195.07799
53.75,4.5,descending,194.13998
53.75,4.75,descending,194.98999
53.75,5.0,descending,196.146
53.75,5.25,descending,199.928
53.75,5.5,descending,204.59166
53.75,5.75,descending,210.58
53.75,6.0,descending,215.33398
53.75,6.25,descending,218.20667
53.75,6.5,descending,219.35832
53.75,6.75,descending,220.28
53.75,7.0,descending,232.635
53.75,7.25,descending,238.05998
53.75,7.5,descending,241.895
53.75,7.75,descending,240.23799
53.75,8.0,descending,232.34666
53.75,8.25,descending,240.49399
53.75,8.5,descending,246.68166
53.75,8.75,descending,258.6143
53.75,9.0,descending,265.99
53.75,9.25,descending,268.51166
53.75,9.5,descending,269.32428
53.75,9.75,descending,270.4957
53.75,10.0,descending,271.55167
53.75,10.25,descending,272.24332
53.75,10.5,descending,271.97665
53.75,10.75,descending,269.93
53.75,11.0,descending,268.07285
53.75,11.25,descending,266.71143
53.75,11.5,descending,267.49286
53.75,11.75,descending,269.88
53.75,12.0,descending,270.49875
53.75,12.25,descending,270.86
53.75,12.5,descending,271.71298
53.75,12.75,descending,273.55777
53.75,13.0,descending,275.12332
53.75,13.25,descending,275.52084
53.75,13.5,descending,273.45636
53.75,13.75,descending,268.39584
53.75,14.0,descending,261.21555
53.75,14.25,descending,260.34308
53.75,14.5,descending,259.58557
53.75,14.75,descending,267.91083
53.75,15.0,descending,273.3409
53.75,15.25,descending,276.155
53.75,15.5,descending,277.78497
53.75,15.75,descending,277.97873
53.75,16.0,descending,277.69223
53.75,16.25,descending,277.16428
53.75,16.5,descending,277.0543
53.75,16.75,descending,277.22165
53.75,17.0,descending,277.75858
53.75,17.25,descending,277.83142
53.75,17.5,descending,277.6
53.75,17.75,descending,277.43167
53.75,18.0,descending,277.58167
53.75,18.25,descending,277.44144
53.75,18.5,descending,276.805
53.75,18.75,descending,275.98666
53.75,19.0,descending,275.28333
53.75,19.25,descending,274.74167
53.75,19.5,descending,274.34332
53.75,19.75,descending,274.574
53.75,20.0,descending,274.88998
53.75,20.25,descending,274.875
53.75,20.5,descending,274.43597
53.75,20.75,descending,274.12833
53.75,21.0,descending,273.68332
53.75,21.25,descending,272.94
53.75,21.5,descending,271.83835
53.75,21.75,descending,271.66833
53.75,22.0,descending,272.524
53.75,22.25,descending,273.56198
53.75,22.5,descending,273.45502
53.75,22.75,descending,273.20834
53.75,23.0,descending,273.14667
53.75,23.25,descending,273.555
53.75,23.5,descending,273.50333
53.75,23.75,descending,273.174
53.75,24.0,descending,272.836
53.75,24.25,descending,272.75998
53.75,24.5,descending,273.145
53.75,24.75,descending,273.66748
53.75,25.0,descending,274.2
53.75,25.25,descending,275.16998
53.75,25.5,descending,275.7975
53.75,25.75,descending,276.074
53.75,26.0,descending,275.774
53.75,26.25,descending,275.448
53.75,26.5,descending,275.266
53.75,26.75,descending,274.72
53.75,27.0,descending,273.824
53.75,27.25,descending,273.08334
53.75,27.5,descending,272.5533
53.75,27.75,descending,273.49625
53.75,28.0,descending,276.7974
53.75,28.25,descending,276.7231
53.75,28.5,descending,276.62875
53.75,28.75,descending,275.72266
53.75,29.0,descending,275.38705
53.75,29.25,descending,275.38785
53.75,29.5,descending,275.18533
53.75,29.75,descending,275.32922
53.75,30.0,descending,275.10785
53.75,30.25,descending,274.99142
53.75,30.5,descending,274.795
53.75,30.75,descending,274.655
53.75,31.0,descending,274.48
53.75,31.25,descending,273.79083
53.75,31.5,descending,273.54916
53.75,31.75,descending,272.40414
53.75,32.0,descending,271.76498
53.75,32.25,descending,271.58636
53.75,32.5,descending,271.4575
53.75,32.75,descending,270.32635
53.75,33.0,descending,270.81497
53.75,33.25,descending,269.91998
53.75,33.5,descending,270.07834
53.75,33.75,descending,270.18
53.75,34.0,descending,269.98917
53.75,34.25,descending,269.97818
53.75,34.5,descending,270.32834
53.75,34.75,descending,270.5
53.75,35.0,descending,270.7475
53.75,35.25,descending,270.971
53.75,35.5,descending,271.08154
53.75,35.75,descending,271.32462
53.75,36.0,descending,271.5069
53.75,36.25,descending,271.55847
53.75,36.5,descending,271.63385
53.75,36.75,descending,271.81427
53.75,37.0,descending,271.85614
53.75,37.25,descending,271.62152
53.75,37.5,descending,271.44934
53.75,37.75,descending,271.16467
53.75,38.0,descending,270.71332
54.0,-13.0,descending,189.70332
54.0,-12.75,descending,190.11714
54.0,-12.5,descending,190.936
54.0,-12.25,descending,191.51375
54.0,-12.0,descending,192.01776
54.0,-11.75,descending,192.19
54.0,-11.5,descending,191.939
54.0,-11.25,descending,191.769
54.0,-11.0,descending,192.49924
54.0,-10.75,descending,196.63736
54.0,-10.5,descending,202.345
54.0,-10.25,descending,211.84233
54.0,-10.0,descending,222.41577
54.0,-9.75,descending,230.25916
54.0,-9.5,descending,243.40999
54.0,-9.25,descending,255.45221
54.0,-9.0,descending,263.32556
54.0,-8.75,descending,268.69333
54.0,-8.5,descending,271.17123
54.0,-8.25,descending,272.00143
54.0,-8.0,descending,272.12875
54.0,-7.75,descending,271.9114
54.0,-7.5,descending,271.80286
54.0,-7.25,descending,272.01123
54.0,-7.0,descending,272.10333
54.0,-6.75,descending,270.12167
54.0,-6.5,descending,263.77374
54.0,-6.25,descending,249.51799
54.0,-6.0,descending,231.09833
54.0,-5.75,descending,211.37166
54.0,-5.5,descending,200.13142
54.0,-5.25,descending,195.47
54.0,-5.0,descending,195.99428
54.0,-4.75,descending,197.276
54.0,-4.5,descending,196.42334
54.0,-4.25,descending,194.19
54.0,-4.0,descending,193.85667
54.0,-3.75,descending,196.03333
54.0,-3.5,descending,200.16599
54.0,-3.25,descending,210.61168
54.0,-3.0,descending,230.01833
54.0,-2.75,descending,250.79599
54.0,-2.5,descending,265.36
54.0,-2.25,descending,271.67798
54.0,-2.0,descending,272.93332
54.0,-1.75,descending,272.46
54.0,-1.5,descending,271.424
54.0,-1.25,descending,270.378
54.0,-1.0,descending,268.13
54.0,-0.75,descending,263.876
54.0,-0.5,descending,256.544
54.0,-0.25,descending,239.37666
54.0,-0.0,descending,212.6857
54.0,0.25,descending,205.02498
54.0,0.5,descending,196.0025
54.0,0.75,descending,192.77832
54.0,1.0,descending,191.94199
54.0,1.25,descending,192.12334
54.0,1.5,descending,193.958
54.0,1.75,descending,196.128
54.0,2.0,descending,198.65399
54.0,2.25,descending,203.38332
54.0,2.5,descending,205.91199
54.0,2.75,descending,208.79399
54.0,3.0,descending,208.75
54.0,3.25,descending,207.55
54.0,3.5,descending,207.802
54.0,3.75,descending,206.79498
54.0,4.0,descending,202.50832
54.0,4.25,descending,197.402
54.0,4.5,descending,194.70332
54.0,4.75,descending,193.936
54.0,5.0,descending,193.95749
54.0,5.25,descending,194.965
54.0,5.5,descending,195.98499
54.0,5.75,descending,198.066
54.0,6.0,descending,200.415
54.0,6.25,descending,201.65
54.0,6.5,descending,203.35999
54.0,6.75,descending,207.904
54.0,7.0,descending,210.828
54.0,7.25,descending,216.76999
54.0,7.5,descending,216.19165
54.0,7.75,descending,213.922
54.0,8.0,descending,211.31
54.0,8.25,descending,218.61427
54.0,8.5,descending,233.11665
54.0,8.75,descending,247.976
54.0,9.0,descending,260.19714
54.0,9.25,descending,267.14166
54.0,9.5,descending,269.675
54.0,9.75,descending,270.76334
54.0,10.0,descending,270.9525
54.0,10.25,descending,269.45428
54.0,10.5,descending,266.11832
54.0,10.75,descending,258.88998
54.0,11.0,descending,253.76999
54.0,11.25,descending,249.31999
54.0,11.5,descending,254.15572
54.0,11.75,descending,257.975
54.0,12.0,descending,263.695
54.0,12.25,descending,266.21445
54.0,12.5,descending,270.45374
54.0,12.75,descending,272.371
54.0,13.0,descending,273.0325
54.0,13.25,descending,269.257
54.0,13.5,descending,261.8075
54.0,13.75,descending,250.35667
54.0,14.0,descending,239.69458
54.0,14.25,descending,239.66333
54.0,14.5,descending,239.69548
54.0,14.75,descending,240.8232
54.0,15.0,descending,253.90909
54.0,15.25,descending,264.495
54.0,15.5,descending,268.76498
54.0,15.75,descending,275.51624
54.0,16.0,descending,277.32373
54.0,16.25,descending,278.1911
54.0,16.5,descending,278.095
54.0,16.75,descending,277.84625
54.0,17.0,descending,277.60873
54.0,17.25,descending,277.2557
54.0,17.5,descending,276.83572
54.0,17.75,descending,276.545
54.0,18.0,descending,276.34283
54.0,18.25,descending,276.22714
54.0,18.5,descending,276.19598
54.0,18.75,descending,275.425
54.0,19.0,descending,274.48373
54.0,19.25,descending,274.47797
54.0,19.5,descending,274.2543
54.0,19.75,descending,274.64166
54.0,20.0,descending,275.00397
54.0,20.25,descending,275.4283
54.0,20.5,descending,275.31998
54.0,20.75,descending,274.904
54.0,21.0,descending,274.08398
54.0,21.25,descending,272.574
54.0,21.5,descending,270.376
54.0,21.75,descending,269.096
54.0,22.0,descending,269.93198
54.0,22.25,descending,271.724
54.0,22.5,descending,272.32666
54.0,22.75,descending,272.398
54.0,23.0,descending,272.225
54.0,23.25,descending,272.41
54.0,23.5,descending,272.57834
54.0,23.75,descending,272.8125
54.0,24.0,descending,272.73798
54.0,24.25,descending,272.74667
54.0,24.5,descending,272.814
54.0,24.75,descending,272.96667
54.0,25.0,descending,273.292
54.0,25.25,descending,273.94
54.0,25.5,descending,274.83667
54.0,25.75,descending,275.51
54.0,26.0,descending,275.604
54.0,26.25,descending,275.41602
54.0,26.5,descending,275.23398
54.0,26.75,descending,274.81198
54.0,27.0,descending,273.898
54.0,27.25,descending,272.94
54.0,27.5,descending,272.622
54.0,27.75,descending,272.018
54.0,28.0,descending,277.145
54.0,28.25,descending,276.4665
54.0,28.5,descending,276.2479
54.0,28.75,descending,277.04214
54.0,29.0,descending,275.6225
54.0,29.25,descending,275.95734
54.0,29.5,descending,275.34396
54.0,29.75,descending,275.29153
54.0,30.0,descending,275.032
54.0,30.25,descending,274.89767
54.0,30.5,descending,274.37857
54.0,30.75,descending,274.28583
54.0,31.0,descending,274.2557
54.0,31.25,descending,274.0118
54.0,31.5,descending,273.6857
54.0,31.75,descending,273.13748
54.0,32.0,descending,272.2315
54.0,32.25,descending,271.91833
54.0,32.5,descending,270.58383
54.0,32.75,descending,270.95248
54.0,33.0,descending,270.0525
54.0,33.25,descending,269.8475
54.0,33.5,descending,269.99384
54.0,33.75,descending,269.44635
54.0,34.0,descending,269.4007
54.0,34.25,descending,269.9609
54.0,34.5,descending,269.91
54.0,34.75,descending,270.18582
54.0,35.0,descending,270.40332
54.0,35.25,descending,270.4946
54.0,35.5,descending,270.5833
54.0,35.75,descending,270.707
54.0,36.0,descending,270.87167
54.0,36.25,descending,270.89767
54.0,36.5,descending,271.08533
54.0,36.75,descending,271.37537
54.0,37.0,descending,271.50076
54.0,37.25,descending,271.3369
54.0,37.5,descending,270.794
54.0,37.75,descending,270.3707
54.0,38.0,descending,270.02
54.25,-13.0,descending,190.54333
54.25,-12.75,descending,190.915
54.25,-12.5,descending,191.42
54.25,-12.25,descending,191.61888
54.25,-12.0,descending,191.65887
54.25,-11.75,descending,191.52875
54.25,-11.5,descending,191.24399
54.25,-11.25,descending,191.50198
54.25,-11.0,descending,192.51181
54.25,-10.75,descending,196.39561
54.25,-10.5,descending,202.58821
54.25,-10.25,descending,211.17406
54.25,-10.0,descending,222.40483
54.25,-9.75,descending,226.691
54.25,-9.5,descending,235.75699
54.25,-9.25,descending,245.83221
54.25,-9.0,descending,249.71443
54.25,-8.75,descending,256.12888
54.25,-8.5,descending,263.73373
54.25,-8.25,descending,267.69427
54.25,-8.0,descending,269.46713
54.25,-7.75,descending,271.11
54.25,-7.5,descending,271.58856
54.25,-7.25,descending,271.88
54.25,-7.0,descending,272.03427
54.25,-6.75,descending,271.66
54.25,-6.5,descending,269.965
54.25,-6.25,descending,261.98712
54.25,-6.0,descending,248.55333
54.25,-5.75,descending,226.40999
54.25,-5.5,descending,210.07666
54.25,-5.25,descending,198.89
54.25,-5.0,descending,197.668
54.25,-4.75,descending,201.585
54.25,-4.5,descending,203.575
54.25,-4.25,descending,200.734
54.25,-4.0,descending,197.49199
54.25,-3.75,descending,200.246
54.25,-3.5,descending,209.89667
54.25,-3.25,descending,222.34001
54.25,-3.0,descending,236.93333
54.25,-2.75,descending,253.59499
54.25,-2.5,descending,266.3775
54.25,-2.25,descending,272.27
54.25,-2.0,descending,273.86
54.25,-1.75,descending,273.49
54.25,-1.5,descending,272.08667
54.25,-1.25,descending,269.68402
54.25,-1.0,descending,266.914
54.25,-0.75,descending,260.374
54.25,-0.5,descending,248.16399
54.25,-0.25,descending,232.72
54.25,-0.0,descending,207.34624
54.25,0.25,descending,200.0125
54.25,0.5,descending,195.774
54.25,0.75,descending,195.3475
54.25,1.0,descending,195.54199
54.25,1.25,descending,196.946
54.25,1.5,descending,198.508
54.25,1.75,descending,201.58
54.25,2.0,descending,203.75334
54.25,2.25,descending,207.17499
54.25,2.5,descending,209.01999
54.25,2.75,descending,210.29199
54.25,3.0,descending,210.80249
54.25,3.25,descending,209.83598
54.25,3.5,descending,208.68666
54.25,3.75,descending,207.04
54.25,4.0,descending,203.248
54.25,4.25,descending,198.84
54.25,4.5,descending,195.36333
54.25,4.75,descending,193.646
54.25,5.0,descending,193.21
54.25,5.25,descending,193.20999
54.25,5.5,descending,193.43666
54.25,5.75,descending,194.015
54.25,6.0,descending,195.245
54.25,6.25,descending,196.15999
54.25,6.5,descending,197.1525
54.25,6.75,descending,198.346
54.25,7.0,descending,199.914
54.25,7.25,descending,200.24834
54.25,7.5,descending,200.43799
54.25,7.75,descending,200.48833
54.25,8.0,descending,202.17334
54.25,8.25,descending,208.91599
54.25,8.5,descending,223.34833
54.25,8.75,descending,242.528
54.25,9.0,descending,258.68997
54.25,9.25,descending,267.53665
54.25,9.5,descending,269.59833
54.25,9.75,descending,269.2
54.25,10.0,descending,264.73166
54.25,10.25,descending,261.06998
54.25,10.5,descending,251.91
54.25,10.75,descending,242.45999
54.25,11.0,descending,233.77571
54.25,11.25,descending,227.815
54.25,11.5,descending,231.36124
54.25,11.75,descending,236.64714
54.25,12.0,descending,244.92874
54.25,12.25,descending,252.29999
54.25,12.5,descending,258.9011
54.25,12.75,descending,261.37
54.25,13.0,descending,261.378
54.25,13.25,descending,253.665
54.25,13.5,descending,243.51099
54.25,13.75,descending,228.33899
54.25,14.0,descending,217.98055
54.25,14.25,descending,214.68147
54.25,14.5,descending,214.03539
54.25,14.75,descending,213.02443
54.25,15.0,descending,212.90762
54.25,15.25,descending,225.123
54.25,15.5,descending,230.34665
54.25,15.75,descending,245.27625
54.25,16.0,descending,257.25778
54.25,16.25,descending,262.3625
54.25,16.5,descending,273.005
54.25,16.75,descending,276.56857
54.25,17.0,descending,277.79572
54.25,17.25,descending,277.93625
54.25,17.5,descending,276.97665
54.25,17.75,descending,275.89285
54.25,18.0,descending,274.09164
54.25,18.25,descending,272.26
54.25,18.5,descending,270.09125
54.25,18.75,descending,266.215
54.25,19.0,descending,263.692
54.25,19.25,descending,263.31168
54.25,19.5,descending,266.146
54.25,19.75,descending,271.14398
54.25,20.0,descending,274.02856
54.25,20.25,descending,275.85
54.25,20.5,descending,276.46002
54.25,20.75,descending,276.37665
54.25,21.0,descending,275.87668
54.25,21.25,descending,274.7333
54.25,21.5,descending,272.59665
54.25,21.75,descending,271.012
54.25,22.0,descending,270.44168
54.25,22.25,descending,271.45667
54.25,22.5,descending,272.228
54.25,22.75,descending,272.72998
54.25,23.0,descending,272.49832
54.25,23.25,descending,272.12
54.25,23.5,descending,271.615
54.25,23.75,descending,271.68
54.25,24.0,descending,272.18
54.25,24.25,descending,272.5275
54.25,24.5,descending,272.74
54.25,24.75,descending,272.91998
54.25,25.0,descending,273.034
54.25,25.25,descending,273.454
54.25,25.5,descending,274.0825
54.25,25.75,descending,274.71002
54.25,26.0,descending,275.158
54.25,26.25,descending,275.034
54.25,26.5,descending,274.83197
54.25,26.75,descending,274.28497
54.25,27.0,descending,273.63834
54.25,27.25,descending,272.75
54.25,27.5,descending,272.48798
54.25,27.75,descending,272.124
54.25,28.0,descending,277.1506
54.25,28.25,descending,276.4661
54.25,28.5,descending,276.1635
54.25,28.75,descending,275.8322
54.25,29.0,descending,276.09845
54.25,29.25,descending,275.65213
54.25,29.5,descending,275.628
54.25,29.75,descending,274.50998
54.25,30.0,descending,274.61786
54.25,30.25,descending,273.80154
54.25,30.5,descending,273.94693
54.25,30.75,descending,273.50143
54.25,31.0,descending,273.49728
54.25,31.25,descending,273.70786
54.25,31.5,descending,273.32272
54.25,31.75,descending,272.9818
54.25,32.0,descending,272.37152
54.25,32.25,descending,271.45502
54.25,32.5,descending,271.09
54.25,32.75,descending,270.2675
54.25,33.0,descending,269.9691
54.25,33.25,descending,269.43167
54.25,33.5,descending,269.25
54.25,33.75,descending,269.77
54.25,34.0,descending,269.37726
54.25,34.25,descending,269.3583
54.25,34.5,descending,269.96307
54.25,34.75,descending,270.185
54.25,35.0,descending,270.31693
54.25,35.25,descending,270.41614
54.25,35.5,descending,270.56418
54.25,35.75,descending,270.6591
54.25,36.0,descending,270.4283
54.25,36.25,descending,270.47153
54.25,36.5,descending,270.65665
54.25,36.75,descending,271.08664
54.25,37.0,descending,271.23932
54.25,37.25,descending,270.91846
54.25,37.5,descending,270.65167
54.25,37.75,descending,270.448
54.25,38.0,descending,270.17776
54.5,-13.0,descending,191.41
54.5,-12.75,descending,191.6757
54.5,-12.5,descending,191.75624
54.5,-12.25,descending,191.59999
54.5,-12.0,descending,191.26
54.5,-11.75,descending,190.92667
54.5,-11.5,descending,190.93
54.5,-11.25,descending,191.409
54.5,-11.0,descending,192.38199
54.5,-10.75,descending,195.22166
54.5,-10.5,descending,198.87619
54.5,-10.25,descending,203.24501
54.5,-10.0,descending,206.52808
54.5,-9.75,descending,208.99655
54.5,-9.5,descending,206.80772
54.5,-9.25,descending,217.95555
54.5,-9.0,descending,223.63889
54.5,-8.75,descending,227.08124
54.5,-8.5,descending,239.92374
54.5,-8.25,descending,251.23749
54.5,-8.0,descending,261.29874
54.5,-7.75,descending,267.68
54.5,-7.5,descending,270.11374
54.5,-7.25,descending,271.32428
54.5,-7.0,descending,270.7914
54.5,-6.75,descending,269.31714
54.5,-6.5,descending,267.55002
54.5,-6.25,descending,264.84
54.5,-6.0,descending,258.33832
54.5,-5.75,descending,245.33667
54.5,-5.5,descending,227.75331
54.5,-5.25,descending,210.02333
54.5,-5.0,descending,201.26572
54.5,-4.75,descending,201.558
54.5,-4.5,descending,204.99199
54.5,-4.25,descending,205.86833
54.5,-4.0,descending,204.43834
54.5,-3.75,descending,208.12834
54.5,-3.5,descending,221.878
54.5,-3.25,descending,238.4
54.5,-3.0,descending,251.97
54.5,-2.75,descending,259.594
54.5,-2.5,descending,267.14835
54.5,-2.25,descending,272.05832
54.5,-2.0,descending,273.222
54.5,-1.75,descending,271.43832
54.5,-1.5,descending,268.0625
54.5,-1.25,descending,262.714
54.5,-1.0,descending,255.27666
54.5,-0.75,descending,247.7325
54.5,-0.5,descending,235.33798
54.5,-0.25,descending,218.33833
54.5,-0.0,descending,204.552
54.5,0.25,descending,197.65666
54.5,0.5,descending,195.864
54.5,0.75,descending,196.825
54.5,1.0,descending,198.63
54.5,1.25,descending,200.512
54.5,1.5,descending,203.04001
54.5,1.75,descending,204.43
54.5,2.0,descending,206.29832
54.5,2.25,descending,207.67332
54.5,2.5,descending,208.1825
54.5,2.75,descending,207.90166
54.5,3.0,descending,208.95798
54.5,3.25,descending,209.326
54.5,3.5,descending,207.43399
54.5,3.75,descending,204.84001
54.5,4.0,descending,202.318
54.5,4.25,descending,199.08249
54.5,4.5,descending,196.474
54.5,4.75,descending,194.26001
54.5,5.0,descending,193.426
54.5,5.25,descending,193.196
54.5,5.5,descending,193.46333
54.5,5.75,descending,193.96799
54.5,6.0,descending,195.015
54.5,6.25,descending,196.73001
54.5,6.5,descending,197.79167
54.5,6.75,descending,198.16399
54.5,7.0,descending,198.60834
54.5,7.25,descending,198.504
54.5,7.5,descending,198.72333
54.5,7.75,descending,199.93399
54.5,8.0,descending,201.454
54.5,8.25,descending,207.08833
54.5,8.5,descending,220.31857
54.5,8.75,descending,241.34
54.5,9.0,descending,260.18716
54.5,9.25,descending,267.37
54.5,9.5,descending,267.19833
54.5,9.75,descending,259.98856
54.5,10.0,descending,249.67665
54.5,10.25,descending,240.52
54.5,10.5,descending,228.37285
54.5,10.75,descending,223.58714
54.5,11.0,descending,217.82832
54.5,11.25,descending,215.61284
54.5,11.5,descending,216.20714
54.5,11.75,descending,219.73856
54.5,12.0,descending,224.1975
54.5,12.25,descending,230.87856
54.5,12.5,descending,235.7111
54.5,12.75,descending,238.27124
54.5,13.0,descending,238.42776
54.5,13.25,descending,237.35625
54.5,13.5,descending,226.1
54.5,13.75,descending,214.13599
54.5,14.0,descending,204.11
54.5,14.25,descending,201.43777
54.5,14.5,descending,199.06517
54.5,14.75,descending,197.72845
54.5,15.0,descending,197.08128
54.5,15.25,descending,196.2861
54.5,15.5,descending,199.769
54.5,15.75,descending,205.03
54.5,16.0,descending,214.34
54.5,16.25,descending,222.23125
54.5,16.5,descending,239.91142
54.5,16.75,descending,254.34749
54.5,17.0,descending,265.31
54.5,17.25,descending,271.79715
54.5,17.5,descending,274.62
54.5,17.75,descending,274.14856
54.5,18.0,descending,271.82285
54.5,18.25,descending,265.67
54.5,18.5,descending,255.54665
54.5,18.75,descending,247.09332
54.5,19.0,descending,239.23427
54.5,19.25,descending,235.13
54.5,19.5,descending,236.92285
54.5,19.75,descending,249.40999
54.5,20.0,descending,260.365
54.5,20.25,descending,270.84335
54.5,20.5,descending,275.145
54.5,20.75,descending,276.26398
54.5,21.0,descending,276.586
54.5,21.25,descending,276.4925
54.5,21.5,descending,275.98
54.5,21.75,descending,274.855
54.5,22.0,descending,274.30798
54.5,22.25,descending,273.874
54.5,22.5,descending,274.078
54.5,22.75,descending,274.078
54.5,23.0,descending,273.724
54.5,23.25,descending,273.4
54.5,23.5,descending,272.236
54.5,23.75,descending,271.444
54.5,24.0,descending,271.288
54.5,24.25,descending,271.802
54.5,24.5,descending,272.016
54.5,24.75,descending,272.404
54.5,25.0,descending,272.82834
54.5,25.25,descending,273.318
54.5,25.5,descending,273.855
54.5,25.75,descending,274.388
54.5,26.0,descending,274.58798
54.5,26.25,descending,274.522
54.5,26.5,descending,273.98666
54.5,26.75,descending,273.60248
54.5,27.0,descending,272.85
54.5,27.25,descending,272.534
54.5,27.5,descending,272.27997
54.5,27.75,descending,271.93668
54.5,28.0,descending,276.44
54.5,28.25,descending,276.51212
54.5,28.5,descending,275.80588
54.5,28.75,descending,275.1311
54.5,29.0,descending,275.10373
54.5,29.25,descending,275.1723
54.5,29.5,descending,274.932
54.5,29.75,descending,273.99356
54.5,30.0,descending,274.33713
54.5,30.25,descending,273.86078
54.5,30.5,descending,273.14154
54.5,30.75,descending,273.35083
54.5,31.0,descending,273.3043
54.5,31.25,descending,273.38
54.5,31.5,descending,273.24582
54.5,31.75,descending,272.55
54.5,32.0,descending,271.7708
54.5,32.25,descending,272.20306
54.5,32.5,descending,271.0823
54.5,32.75,descending,270.78455
54.5,33.0,descending,269.98083
54.5,33.25,descending,269.704
54.5,33.5,descending,269.79846
54.5,33.75,descending,269.11
54.5,34.0,descending,269.7175
54.5,34.25,descending,269.32333
54.5,34.5,descending,269.245
54.5,34.75,descending,269.80273
54.5,35.0,descending,270.10544
54.5,35.25,descending,270.2623
54.5,35.5,descending,270.28
54.5,35.75,descending,270.49667
54.5,36.0,descending,270.33
54.5,36.25,descending,270.25748
54.5,36.5,descending,270.5527
54.5,36.75,descending,270.9357
54.5,37.0,descending,271.08383
54.5,37.25,descending,271.06427
54.5,37.5,descending,271.01077
54.5,37.75,descending,270.98767
54.5,38.0,descending,270.70886
54.75,-13.0,descending,191.58333
54.75,-12.75,descending,191.595
54.75,-12.5,descending,191.4257
54.75,-12.25,descending,191.1825
54.75,-12.0,descending,190.72714
54.75,-11.75,descending,190.49625
54.75,-11.5,descending,190.65222
54.75,-11.25,descending,191.05667
54.75,-11.0,descending,191.73334
54.75,-10.75,descending,193.1709
54.75,-10.5,descending,196.23781
54.75,-10.25,descending,196.95148
54.75,-10.0,descending,197.19792
54.75,-9.75,descending,196.94807
54.75,-9.5,descending,196.70152
54.75,-9.25,descending,198.80235
54.75,-9.0,descending,206.85501
54.75,-8.75,descending,215.05875
54.75,-8.5,descending,227.81749
54.75,-8.25,descending,241.4925
54.75,-8.0,descending,253.29857
54.75,-7.75,descending,263.02374
54.75,-7.5,descending,267.97333
54.75,-7.25,descending,270.52374
54.75,-7.0,descending,270.93
54.75,-6.75,descending,268.55667
54.75,-6.5,descending,264.3457
54.75,-6.25,descending,259.18597
54.75,-6.0,descending,253.76332
54.75,-5.75,descending,244.80666
54.75,-5.5,descending,231.13
54.75,-5.25,descending,219.93
54.75,-5.0,descending,215.33998
54.75,-4.75,descending,211.93399
54.75,-4.5,descending,215.72856
54.75,-4.25,descending,215.076
54.75,-4.0,descending,213.46599
54.75,-3.75,descending,218.35498
54.75,-3.5,descending,230.374
54.75,-3.25,descending,246.96
54.75,-3.0,descending,261.06168
54.75,-2.75,descending,267.914
54.75,-2.5,descending,270.84833
54.75,-2.25,descending,271.97
54.75,-2.0,descending,271.468
54.75,-1.75,descending,266.856
54.75,-1.5,descending,258.418
54.75,-1.25,descending,245.36398
54.75,-1.0,descending,234.0125
54.75,-0.75,descending,225.48
54.75,-0.5,descending,214.004
54.75,-0.25,descending,204.075
54.75,-0.0,descending,195.09999
54.75,0.25,descending,195.024
54.75,0.5,descending,195.93
54.75,0.75,descending,198.12
54.75,1.0,descending,199.49333
54.75,1.25,descending,201.42
54.75,1.5,descending,203.946
54.75,1.75,descending,205.2225
54.75,2.0,descending,205.5425
54.75,2.25,descending,206.104
54.75,2.5,descending,205.448
54.75,2.75,descending,204.125
54.75,3.0,descending,205.2
54.75,3.25,descending,208.04
54.75,3.5,descending,207.12334
54.75,3.75,descending,204.65498
54.75,4.0,descending,202.41599
54.75,4.25,descending,200.86398
54.75,4.5,descending,200.1225
54.75,4.75,descending,199.88799
54.75,5.0,descending,197.38
54.75,5.25,descending,196.392
54.75,5.5,descending,197.36
54.75,5.75,descending,198.778
54.75,6.0,descending,201.26666
54.75,6.25,descending,204.538
54.75,6.5,descending,204.43199
54.75,6.75,descending,204.74666
54.75,7.0,descending,203.548
54.75,7.25,descending,202.34999
54.75,7.5,descending,201.35199
54.75,7.75,descending,200.90399
54.75,8.0,descending,202.08167
54.75,8.25,descending,208.38799
54.75,8.5,descending,223.21832
54.75,8.75,descending,243.84
54.75,9.0,descending,260.6733
54.75,9.25,descending,265.46573
54.75,9.5,descending,260.96198
54.75,9.75,descending,246.37666
54.75,10.0,descending,231.20857
54.75,10.25,descending,218.804
54.75,10.5,descending,214.88666
54.75,10.75,descending,214.59427
54.75,11.0,descending,216.20427
54.75,11.25,descending,217.91667
54.75,11.5,descending,219.64
54.75,11.75,descending,219.57286
54.75,12.0,descending,218.24857
54.75,12.25,descending,215.94624
54.75,12.5,descending,213.28714
54.75,12.75,descending,215.19
54.75,13.0,descending,217.66667
54.75,13.25,descending,217.39223
54.75,13.5,descending,210.345
54.75,13.75,descending,203.25299
54.75,14.0,descending,198.027
54.75,14.25,descending,198.63142
54.75,14.5,descending,196.44331
54.75,14.75,descending,195.63719
54.75,15.0,descending,195.31114
54.75,15.25,descending,195.13719
54.75,15.5,descending,193.50874
54.75,15.75,descending,192.69249
54.75,16.0,descending,194.25111
54.75,16.25,descending,196.52124
54.75,16.5,descending,205.50624
54.75,16.75,descending,216.82143
54.75,17.0,descending,223.07713
54.75,17.25,descending,242.37712
54.75,17.5,descending,246.15285
54.75,17.75,descending,257.00833
54.75,18.0,descending,256.71713
54.75,18.25,descending,253.27165
54.75,18.5,descending,243.26833
54.75,18.75,descending,227.87834
54.75,19.0,descending,214.43166
54.75,19.25,descending,210.224
54.75,19.5,descending,208.515
54.75,19.75,descending,220.344
54.75,20.0,descending,234.65999
54.75,20.25,descending,249.71599
54.75,20.5,descending,261.63834
54.75,20.75,descending,268.58
54.75,21.0,descending,272.40167
54.75,21.25,descending,275.00833
54.75,21.5,descending,276.314
54.75,21.75,descending,276.5475
54.75,22.0,descending,276.38998
54.75,22.25,descending,276.128
54.75,22.5,descending,276.08334
54.75,22.75,descending,275.84
54.75,23.0,descending,275.35
54.75,23.25,descending,274.655
54.75,23.5,descending,273.72333
54.75,23.75,descending,272.35602
54.75,24.0,descending,271.402
54.75,24.25,descending,271.37997
54.75,24.5,descending,271.552
54.75,24.75,descending,271.875
54.75,25.0,descending,272.155
54.75,25.25,descending,272.88834
54.75,25.5,descending,273.745
54.75,25.75,descending,274.19598
54.75,26.0,descending,274.2225
54.75,26.25,descending,273.63168
54.75,26.5,descending,272.5175
54.75,26.75,descending,271.964
54.75,27.0,descending,271.8725
54.75,27.25,descending,271.88998
54.75,27.5,descending,271.904
54.75,27.75,descending,271.7125
54.75,28.0,descending,275.83917
54.75,28.25,descending,276.74
54.75,28.5,descending,276.11624
54.75,28.75,descending,275.24933
54.75,29.0,descending,273.72705
54.75,29.25,descending,273.65198
54.75,29.5,descending,273.6927
54.75,29.75,descending,274.52545
54.75,30.0,descending,273.42642
54.75,30.25,descending,274.07285
54.75,30.5,descending,273.11154
54.75,30.75,descending,273.44333
54.75,31.0,descending,273.6323
54.75,31.25,descending,273.11545
54.75,31.5,descending,272.68307
54.75,31.75,descending,272.20728
54.75,32.0,descending,271.6592
54.75,32.25,descending,271.3027
54.75,32.5,descending,270.25818
54.75,32.75,descending,270.90637
54.75,33.0,descending,270.3625
54.75,33.25,descending,270.53635
54.75,33.5,descending,269.9925
54.75,33.75,descending,269.8791
54.75,34.0,descending,269.07907
54.75,34.25,descending,269.05698
54.75,34.5,descending,269.15665
54.75,34.75,descending,269.36273
54.75,35.0,descending,269.66846
54.75,35.25,descending,269.99
54.75,35.5,descending,269.93332
54.75,35.75,descending,269.84726
54.75,36.0,descending,270.23398
54.75,36.25,descending,270.11667
54.75,36.5,descending,270.45712
54.75,36.75,descending,270.69846
54.75,37.0,descending,270.75082
54.75,37.25,descending,270.95636
54.75,37.5,descending,271.21
54.75,37.75,descending,270.99152
54.75,38.0,descending,271.11285
55.0,-13.0,descending,191.2675
55.0,-12.75,descending,191.15
55.0,-12.5,descending,190.95857
55.0,-12.25,descending,190.64624
55.0,-12.0,descending,190.39572
55.0,-11.75,descending,190.2275
55.0,-11.5,descending,190.355
55.0,-11.25,descending,190.67
55.0,-11.0,descending,191.206
55.0,-10.75,descending,192.35443
55.0,-10.5,descending,195.76
55.0,-10.25,descending,196.19958
55.0,-10.0,descending,195.83192
55.0,-9.75,descending,195.07875
55.0,-9.5,descending,195.02922
55.0,-9.25,descending,195.89429
55.0,-9.0,descending,198.79999
55.0,-8.75,descending,207.62999
55.0,-8.5,descending,220.81
55.0,-8.25,descending,238.17
55.0,-8.0,descending,248.405
55.0,-7.75,descending,258.49
55.0,-7.5,descending,263.6225
55.0,-7.25,descending,264.08167
55.0,-7.0,descending,266.68573
55.0,-6.75,descending,265.61
55.0,-6.5,descending,263.58167
55.0,-6.25,descending,257.1743
55.0,-6.0,descending,246.32426
55.0,-5.75,descending,234.66833
55.0,-5.5,descending,223.42857
55.0,-5.25,descending,221.774
55.0,-5.0,descending,228.07666
55.0,-4.75,descending,234.88332
55.0,-4.5,descending,240.74399
55.0,-4.25,descending,242.95332
55.0,-4.0,descending,239.90666
55.0,-3.75,descending,238.71599
55.0,-3.5,descending,239.44199
55.0,-3.25,descending,249.374
55.0,-3.0,descending,262.208
55.0,-2.75,descending,269.77997
55.0,-2.5,descending,272.05
55.0,-2.25,descending,272.0625
55.0,-2.0,descending,269.24167
55.0,-1.75,descending,260.438
55.0,-1.5,descending,248.274
55.0,-1.25,descending,230.48398
55.0,-1.0,descending,214.63799
55.0,-0.75,descending,202.798
55.0,-0.5,descending,198.66
55.0,-0.25,descending,194.96199
55.0,-0.0,descending,191.95999
55.0,0.25,descending,195.256
55.0,0.5,descending,199.40332
55.0,0.75,descending,200.616
55.0,1.0,descending,201.23332
55.0,1.25,descending,201.7925
55.0,1.5,descending,203.17833
55.0,1.75,descending,204.26749
55.0,2.0,descending,204.745
55.0,2.25,descending,204.93399
55.0,2.5,descending,202.91
55.0,2.75,descending,201.00499
55.0,3.0,descending,202.065
55.0,3.25,descending,207.61333
55.0,3.5,descending,210.302
55.0,3.75,descending,209.4825
55.0,4.0,descending,209.898
55.0,4.25,descending,208.99199
55.0,4.5,descending,209.265
55.0,4.75,descending,209.64998
55.0,5.0,descending,207.11499
55.0,5.25,descending,204.584
55.0,5.5,descending,205.124
55.0,5.75,descending,206.72166
55.0,6.0,descending,210.01799
55.0,6.25,descending,211.37
55.0,6.5,descending,211.065
55.0,6.75,descending,208.21599
55.0,7.0,descending,205.10167
55.0,7.25,descending,202.03598
55.0,7.5,descending,200.18
55.0,7.75,descending,198.37
55.0,8.0,descending,200.04599
55.0,8.25,descending,209.60167
55.0,8.5,descending,228.176
55.0,8.75,descending,249.43333
55.0,9.0,descending,263.118
55.0,9.25,descending,262.848
55.0,9.5,descending,251.49625
55.0,9.75,descending,236.385
55.0,10.0,descending,224.44998
55.0,10.25,descending,221.34166
55.0,10.5,descending,219.29832
55.0,10.75,descending,219.37856
55.0,11.0,descending,220.19858
55.0,11.25,descending,223.57797
55.0,11.5,descending,227.20857
55.0,11.75,descending,229.3275
55.0,12.0,descending,223.09714
55.0,12.25,descending,212.41286
55.0,12.5,descending,204.46875
55.0,12.75,descending,202.55142
55.0,13.0,descending,203.26375
55.0,13.25,descending,203.9225
55.0,13.5,descending,201.77667
55.0,13.75,descending,198.94556
55.0,14.0,descending,197.53888
55.0,14.25,descending,201.91608
55.0,14.5,descending,201.80038
55.0,14.75,descending,202.9596
55.0,15.0,descending,201.9175
55.0,15.25,descending,198.65443
55.0,15.5,descending,196.30759
55.0,15.75,descending,194.12001
55.0,16.0,descending,192.42624
55.0,16.25,descending,192.3375
55.0,16.5,descending,192.97444
55.0,16.75,descending,195.55714
55.0,17.0,descending,198.53
55.0,17.25,descending,202.12625
55.0,17.5,descending,212.81499
55.0,17.75,descending,214.8325
55.0,18.0,descending,220.26666
55.0,18.25,descending,227.08571
55.0,18.5,descending,220.99428
55.0,18.75,descending,212.02284
55.0,19.0,descending,204.47166
55.0,19.25,descending,200.105
55.0,19.5,descending,198.26399
55.0,19.75,descending,202.85715
55.0,20.0,descending,212.642
55.0,20.25,descending,225.3
55.0,20.5,descending,236.97833
55.0,20.75,descending,244.64499
55.0,21.0,descending,254.29199
55.0,21.25,descending,262.05167
55.0,21.5,descending,270.94498
55.0,21.75,descending,275.395
55.0,22.0,descending,276.63168
55.0,22.25,descending,276.87332
55.0,22.5,descending,276.854
55.0,22.75,descending,276.59
55.0,23.0,descending,276.2125
55.0,23.25,descending,275.56332
55.0,23.5,descending,274.63834
55.0,23.75,descending,273.164
55.0,24.0,descending,271.992
55.0,24.25,descending,271.67798
55.0,24.5,descending,271.982
55.0,24.75,descending,272.06198
55.0,25.0,descending,272.21167
55.0,25.25,descending,272.1975
55.0,25.5,descending,272.81
55.0,25.75,descending,273.58798
55.0,26.0,descending,273.84
55.0,26.25,descending,273.0025
55.0,26.5,descending,271.51834
55.0,26.75,descending,270.37
55.0,27.0,descending,270.72665
55.0,27.25,descending,271.25
55.0,27.5,descending,271.30167
55.0,27.75,descending,271.174
55.0,28.0,descending,273.77
55.0,28.25,descending,276.53998
55.0,28.5,descending,275.23895
55.0,28.75,descending,274.99664
55.0,29.0,descending,273.44702
55.0,29.25,descending,273.348
55.0,29.5,descending,272.806
55.0,29.75,descending,273.35858
55.0,30.0,descending,273.775
55.0,30.25,descending,273.5946
55.0,30.5,descending,273.72614
55.0,30.75,descending,273.93
55.0,31.0,descending,272.79416
55.0,31.25,descending,273.33923
55.0,31.5,descending,272.27924
55.0,31.75,descending,271.81818
55.0,32.0,descending,271.3569
55.0,32.25,descending,271.60898
55.0,32.5,descending,271.17072
55.0,32.75,descending,270.86545
55.0,33.0,descending,270.4825
55.0,33.25,descending,270.83182
55.0,33.5,descending,270.29916
55.0,33.75,descending,269.64908
55.0,34.0,descending,269.48
55.0,34.25,descending,269.1708
55.0,34.5,descending,269.16583
55.0,34.75,descending,269.17728
55.0,35.0,descending,269.54666
55.0,35.25,descending,269.72
55.0,35.5,descending,269.7623
55.0,35.75,descending,269.8523
55.0,36.0,descending,269.75922
55.0,36.25,descending,270.20898
55.0,36.5,descending,270.26614
55.0,36.75,descending,270.2609
55.0,37.0,descending,270.29846
55.0,37.25,descending,270.32428
55.0,37.5,descending,270.54462
55.0,37.75,descending,270.6925
55.0,38.0,descending,270.26572
55.25,-13.0,descending,191.2825
55.25,-12.75,descending,191.06714
55.25,-12.5,descending,190.81285
55.25,-12.25,descending,190.728
55.25,-12.0,descending,190.63445
55.25,-11.75,descending,190.59999
55.25,-11.5,descending,190.638
55.25,-11.25,descending,190.80714
55.25,-11.0,descending,191.29222
55.25,-10.75,descending,192.51776
55.25,-10.5,descending,196.60666
55.25,-10.25,descending,197.68913
55.25,-10.0,descending,197.89417
55.25,-9.75,descending,197.57726
55.25,-9.5,descending,197.33875
55.25,-9.25,descending,197.57458
55.25,-9.0,descending,198.5127
55.25,-8.75,descending,200.55333
55.25,-8.5,descending,206.07
55.25,-8.25,descending,216.81374
55.25,-8.0,descending,224.9175
55.25,-7.75,descending,237.57166
55.25,-7.5,descending,244.87143
55.25,-7.25,descending,247.75
55.25,-7.0,descending,246.10143
55.25,-6.75,descending,244.14
55.25,-6.5,descending,247.4857
55.25,-6.25,descending,243.19334
55.25,-6.0,descending,238.11833
55.25,-5.75,descending,227.354
55.25,-5.5,descending,217.25334
55.25,-5.25,descending,214.385
55.25,-5.0,descending,223.71667
55.25,-4.75,descending,241.96199
55.25,-4.5,descending,254.73332
55.25,-4.25,descending,262.742
55.25,-4.0,descending,263.74
55.25,-3.75,descending,262.85498
55.25,-3.5,descending,260.78833
55.25,-3.25,descending,261.68
55.25,-3.0,descending,265.95
55.25,-2.75,descending,269.85
55.25,-2.5,descending,272.16833
55.25,-2.25,descending,271.508
55.25,-2.0,descending,267.28198
55.25,-1.75,descending,256.798
55.25,-1.5,descending,237.59666
55.25,-1.25,descending,214.894
55.25,-1.0,descending,201.93199
55.25,-0.75,descending,193.206
55.25,-0.5,descending,190.344
55.25,-0.25,descending,190.27599
55.25,-0.0,descending,193.29599
55.25,0.25,descending,198.6175
55.25,0.5,descending,203.4675
55.25,0.75,descending,206.26
55.25,1.0,descending,204.91
55.25,1.25,descending,204.8725
55.25,1.5,descending,205.552
55.25,1.75,descending,205.538
55.25,2.0,descending,205.805
55.25,2.25,descending,205.40166
55.25,2.5,descending,203.18
55.25,2.75,descending,199.15
55.25,3.0,descending,198.4425
55.25,3.25,descending,202.745
55.25,3.5,descending,207.93666
55.25,3.75,descending,211.58401
55.25,4.0,descending,213.5325
55.25,4.25,descending,215.61398
55.25,4.5,descending,216.73167
55.25,4.75,descending,215.064
55.25,5.0,descending,213.1525
55.25,5.25,descending,210.3725
55.25,5.5,descending,208.824
55.25,5.75,descending,208.46399
55.25,6.0,descending,209.42165
55.25,6.25,descending,210.094
55.25,6.5,descending,207.55998
55.25,6.75,descending,204.09666
55.25,7.0,descending,200.49399
55.25,7.25,descending,198.672
55.25,7.5,descending,196.22833
55.25,7.75,descending,195.724
55.25,8.0,descending,200.0
55.25,8.25,descending,211.1975
55.25,8.5,descending,232.46428
55.25,8.75,descending,253.04498
55.25,9.0,descending,263.46
55.25,9.25,descending,261.038
55.25,9.5,descending,248.21999
55.25,9.75,descending,235.88832
55.25,10.0,descending,234.01599
55.25,10.25,descending,235.67
55.25,10.5,descending,231.79
55.25,10.75,descending,223.25
55.25,11.0,descending,221.61333
55.25,11.25,descending,229.71
55.25,11.5,descending,238.27428
55.25,11.75,descending,243.83571
55.25,12.0,descending,234.71428
55.25,12.25,descending,217.12375
55.25,12.5,descending,204.13167
55.25,12.75,descending,201.68
55.25,13.0,descending,204.12285
55.25,13.25,descending,208.10666
55.25,13.5,descending,206.31749
55.25,13.75,descending,206.6525
55.25,14.0,descending,205.396
55.25,14.25,descending,207.91388
55.25,14.5,descending,207.584
55.25,14.75,descending,207.51727
55.25,15.0,descending,205.16782
55.25,15.25,descending,202.05652
55.25,15.5,descending,198.69998
55.25,15.75,descending,196.51558
55.25,16.0,descending,194.34692
55.25,16.25,descending,192.90572
55.25,16.5,descending,192.5575
55.25,16.75,descending,192.65999
55.25,17.0,descending,193.12999
55.25,17.25,descending,193.60715
55.25,17.5,descending,195.09427
55.25,17.75,descending,195.33833
55.25,18.0,descending,198.16856
55.25,18.25,descending,200.46501
55.25,18.5,descending,200.48499
55.25,18.75,descending,199.892
55.25,19.0,descending,198.46834
55.25,19.25,descending,196.17499
55.25,19.5,descending,194.85715
55.25,19.75,descending,195.556
55.25,20.0,descending,198.52571
55.25,20.25,descending,204.194
55.25,20.5,descending,212.67
55.25,20.75,descending,219.54333
55.25,21.0,descending,231.36499
55.25,21.25,descending,244.6375
55.25,21.5,descending,259.704
55.25,21.75,descending,271.176
55.25,22.0,descending,275.5
55.25,22.25,descending,276.72998
55.25,22.5,descending,276.9
55.25,22.75,descending,276.69333
55.25,23.0,descending,276.22397
55.25,23.25,descending,275.718
55.25,23.5,descending,275.1425
55.25,23.75,descending,274.116
55.25,24.0,descending,272.886
55.25,24.25,descending,272.664
55.25,24.5,descending,272.82
55.25,24.75,descending,273.15
55.25,25.0,descending,272.73248
55.25,25.25,descending,272.3025
55.25,25.5,descending,271.658
55.25,25.75,descending,271.92798
55.25,26.0,descending,272.57
55.25,26.25,descending,272.4425
55.25,26.5,descending,271.32166
55.25,26.75,descending,270.255
55.25,27.0,descending,270.072
55.25,27.25,descending,270.56
55.25,27.5,descending,270.78497
55.25,27.75,descending,270.548
55.25,28.0,descending,271.53
55.25,28.25,descending,276.32098
55.25,28.5,descending,274.50388
55.25,28.75,descending,274.18292
55.25,29.0,descending,273.97736
55.25,29.25,descending,273.01642
55.25,29.5,descending,273.34467
55.25,29.75,descending,272.8
55.25,30.0,descending,273.05307
55.25,30.25,descending,273.66833
55.25,30.5,descending,273.86
55.25,30.75,descending,273.387
55.25,31.0,descending,273.54538
55.25,31.25,descending,272.32498
55.25,31.5,descending,272.5175
55.25,31.75,descending,271.7191
55.25,32.0,descending,270.94916
55.25,32.25,descending,271.40082
55.25,32.5,descending,270.89725
55.25,32.75,descending,270.4258
55.25,33.0,descending,270.84637
55.25,33.25,descending,270.1591
55.25,33.5,descending,270.8027
55.25,33.75,descending,270.55273
55.25,34.0,descending,269.7023
55.25,34.25,descending,269.6
55.25,34.5,descending,269.26273
55.25,34.75,descending,269.70728
55.25,35.0,descending,269.45364
55.25,35.25,descending,269.517
55.25,35.5,descending,269.972
55.25,35.75,descending,269.69083
55.25,36.0,descending,269.80362
55.25,36.25,descending,269.85727
55.25,36.5,descending,269.71634
55.25,36.75,descending,269.85
55.25,37.0,descending,269.75
55.25,37.25,descending,269.57248
55.25,37.5,descending,269.58914
55.25,37.75,descending,269.6977
55.25,38.0,descending,269.7383
55.5,-13.0,descending,191.76332
55.5,-12.75,descending,191.56857
55.5,-12.5,descending,191.34142
55.5,-12.25,descending,191.33833
55.5,-12.0,descending,191.54428
55.5,-11.75,descending,191.68875
55.5,-11.5,descending,191.9157
55.5,-11.25,descending,191.8475
55.5,-11.0,descending,192.1789
55.5,-10.75,descending,193.27556
55.5,-10.5,descending,196.19693
55.5,-10.25,descending,197.82639
55.5,-10.0,descending,198.71739
55.5,-9.75,descending,198.82173
55.5,-9.5,descending,198.34695
55.5,-9.25,descending,198.1029
55.5,-9.0,descending,198.83885
55.5,-8.75,descending,198.93614
55.5,-8.5,descending,198.33537
55.5,-8.25,descending,200.02875
55.5,-8.0,descending,202.06624
55.5,-7.75,descending,208.75499
55.5,-7.5,descending,214.43001
55.5,-7.25,descending,218.06
55.5,-7.0,descending,220.34499
55.5,-6.75,descending,222.97499
55.5,-6.5,descending,221.47499
55.5,-6.25,descending,223.27332
55.5,-6.0,descending,226.29668
55.5,-5.75,descending,224.90572
55.5,-5.5,descending,220.72998
55.5,-5.25,descending,217.978
55.5,-5.0,descending,219.71832
55.5,-4.75,descending,232.95667
55.5,-4.5,descending,251.59001
55.5,-4.25,descending,265.56165
55.5,-4.0,descending,270.40164
55.5,-3.75,descending,271.46
55.5,-3.5,descending,270.97
55.5,-3.25,descending,270.84
55.5,-3.0,descending,271.295
55.5,-2.75,descending,271.81198
55.5,-2.5,descending,271.465
55.5,-2.25,descending,268.42667
55.5,-2.0,descending,261.302
55.5,-1.75,descending,247.31999
55.5,-1.5,descending,226.65
55.5,-1.25,descending,209.11398
55.5,-1.0,descending,195.28833
55.5,-0.75,descending,189.19199
55.5,-0.5,descending,188.09799
55.5,-0.25,descending,188.75
55.5,-0.0,descending,191.62285
55.5,0.25,descending,198.2975
55.5,0.5,descending,204.32166
55.5,0.75,descending,208.722
55.5,1.0,descending,209.23665
55.5,1.25,descending,209.04999
55.5,1.5,descending,209.31001
55.5,1.75,descending,208.36398
55.5,2.0,descending,206.165
55.5,2.25,descending,203.672
55.5,2.5,descending,201.66
55.5,2.75,descending,198.788
55.5,3.0,descending,195.728
55.5,3.25,descending,196.034
55.5,3.5,descending,199.745
55.5,3.75,descending,202.558
55.5,4.0,descending,206.65833
55.5,4.25,descending,208.305
55.5,4.5,descending,208.418
55.5,4.75,descending,209.37834
55.5,5.0,descending,208.314
55.5,5.25,descending,208.356
55.5,5.5,descending,205.3775
55.5,5.75,descending,202.876
55.5,6.0,descending,203.368
55.5,6.25,descending,202.478
55.5,6.5,descending,200.85667
55.5,6.75,descending,198.886
55.5,7.0,descending,197.834
55.5,7.25,descending,196.45667
55.5,7.5,descending,195.564
55.5,7.75,descending,197.41399
55.5,8.0,descending,205.75166
55.5,8.25,descending,221.27798
55.5,8.5,descending,242.064
55.5,8.75,descending,257.28857
55.5,9.0,descending,265.656
55.5,9.25,descending,261.38
55.5,9.5,descending,250.892
55.5,9.75,descending,242.40285
55.5,10.0,descending,242.62334
55.5,10.25,descending,241.26799
55.5,10.5,descending,231.76375
55.5,10.75,descending,222.29999
55.5,11.0,descending,225.42125
55.5,11.25,descending,242.53166
55.5,11.5,descending,252.88
55.5,11.75,descending,254.37715
55.5,12.0,descending,242.34427
55.5,12.25,descending,227.952
55.5,12.5,descending,214.86874
55.5,12.75,descending,214.49715
55.5,13.0,descending,220.89749
55.5,13.25,descending,230.18428
55.5,13.5,descending,229.07443
55.5,13.75,descending,228.1275
55.5,14.0,descending,224.12222
55.5,14.25,descending,216.95749
55.5,14.5,descending,212.25119
55.5,14.75,descending,205.91547
55.5,15.0,descending,202.63
55.5,15.25,descending,200.76332
55.5,15.5,descending,199.7632
55.5,15.75,descending,196.82957
55.5,16.0,descending,194.92036
55.5,16.25,descending,193.72299
55.5,16.5,descending,193.35857
55.5,16.75,descending,193.39667
55.5,17.0,descending,193.58499
55.5,17.25,descending,193.5457
55.5,17.5,descending,193.62874
55.5,17.75,descending,193.78333
55.5,18.0,descending,194.02713
55.5,18.25,descending,194.59499
55.5,18.5,descending,195.08858
55.5,18.75,descending,195.09
55.5,19.0,descending,194.78166
55.5,19.25,descending,194.30142
55.5,19.5,descending,193.86
55.5,19.75,descending,193.71834
55.5,20.0,descending,193.982
55.5,20.25,descending,195.355
55.5,20.5,descending,199.04
55.5,20.75,descending,206.54399
55.5,21.0,descending,219.15167
55.5,21.25,descending,237.37
55.5,21.5,descending,256.38168
55.5,21.75,descending,269.23798
55.5,22.0,descending,274.74832
55.5,22.25,descending,276.61002
55.5,22.5,descending,276.892
55.5,22.75,descending,276.70834
55.5,23.0,descending,276.30402
55.5,23.25,descending,275.806
55.5,23.5,descending,275.23398
55.5,23.75,descending,274.676
55.5,24.0,descending,273.944
55.5,24.25,descending,273.694
55.5,24.5,descending,273.74
55.5,24.75,descending,273.968
55.5,25.0,descending,273.63666
55.5,25.25,descending,272.78998
55.5,25.5,descending,271.9725
55.5,25.75,descending,271.10666
55.5,26.0,descending,270.754
55.5,26.25,descending,270.45398
55.5,26.5,descending,269.9
55.5,26.75,descending,269.31598
55.5,27.0,descending,269.08798
55.5,27.25,descending,269.31
55.5,27.5,descending,270.215
55.5,27.75,descending,270.30667
55.5,28.0,descending,269.94998
55.5,28.25,descending,275.1478
55.5,28.5,descending,275.28058
55.5,28.75,descending,274.51666
55.5,29.0,descending,273.47293
55.5,29.25,descending,274.0707
55.5,29.5,descending,274.06927
55.5,29.75,descending,273.2207
55.5,30.0,descending,272.46927
55.5,30.25,descending,272.8831
55.5,30.5,descending,272.91077
55.5,30.75,descending,272.9746
55.5,31.0,descending,273.4975
55.5,31.25,descending,272.79416
55.5,31.5,descending,272.1154
55.5,31.75,descending,272.48
55.5,32.0,descending,271.24152
55.5,32.25,descending,270.97092
55.5,32.5,descending,270.03455
55.5,32.75,descending,271.20697
55.5,33.0,descending,270.35583
55.5,33.25,descending,271.48093
55.5,33.5,descending,270.72845
55.5,33.75,descending,270.479
55.5,34.0,descending,270.42
55.5,34.25,descending,269.89908
55.5,34.5,descending,270.17615
55.5,34.75,descending,268.97092
55.5,35.0,descending,269.77585
55.5,35.25,descending,269.96582
55.5,35.5,descending,269.75845
55.5,35.75,descending,269.4927
55.5,36.0,descending,269.30215
55.5,36.25,descending,269.50497
55.5,36.5,descending,269.39154
55.5,36.75,descending,269.22385
55.5,37.0,descending,269.00082
55.5,37.25,descending,268.58545
55.5,37.5,descending,268.14917
55.5,37.75,descending,268.27
55.5,38.0,descending,268.606
55.75,-13.0,descending,192.2775
55.75,-12.75,descending,192.02141
55.75,-12.5,descending,191.73001
55.75,-12.25,descending,191.6675
55.75,-12.0,descending,192.21571
55.75,-11.75,descending,192.87715
55.75,-11.5,descending,193.26625
55.75,-11.25,descending,193.27
55.75,-11.0,descending,193.435
55.75,-10.75,descending,193.605
55.75,-10.5,descending,194.363
55.75,-10.25,descending,194.49208
55.75,-10.0,descending,194.78667
55.75,-9.75,descending,194.59499
55.75,-9.5,descending,194.72238
55.75,-9.25,descending,194.629
55.75,-9.0,descending,195.06651
55.75,-8.75,descending,194.93227
55.75,-8.5,descending,194.42616
55.75,-8.25,descending,194.321
55.75,-8.0,descending,195.35715
55.75,-7.75,descending,196.535
55.75,-7.5,descending,199.66856
55.75,-7.25,descending,200.45667
55.75,-7.0,descending,205.16713
55.75,-6.75,descending,209.44286
55.75,-6.5,descending,213.12997
55.75,-6.25,descending,217.54834
55.75,-6.0,descending,220.68001
55.75,-5.75,descending,224.71999
55.75,-5.5,descending,227.93333
55.75,-5.25,descending,229.53601
55.75,-5.0,descending,230.52666
55.75,-4.75,descending,236.26399
55.75,-4.5,descending,247.315
55.75,-4.25,descending,258.688
55.75,-4.0,descending,266.66998
55.75,-3.75,descending,269.21664
55.75,-3.5,descending,269.43665
55.75,-3.25,descending,269.45166
55.75,-3.0,descending,269.8425
55.75,-2.75,descending,268.024
55.75,-2.5,descending,265.005
55.75,-2.25,descending,258.41998
55.75,-2.0,descending,249.05998
55.75,-1.75,descending,233.99834
55.75,-1.5,descending,216.31198
55.75,-1.25,descending,201.032
55.75,-1.0,descending,192.67499
55.75,-0.75,descending,188.22
55.75,-0.5,descending,187.34
55.75,-0.25,descending,188.26
55.75,-0.0,descending,189.94142
55.75,0.25,descending,196.02501
55.75,0.5,descending,202.50334
55.75,0.75,descending,205.73201
55.75,1.0,descending,208.88799
55.75,1.25,descending,209.8125
55.75,1.5,descending,208.98398
55.75,1.75,descending,206.775
55.75,2.0,descending,202.996
55.75,2.25,descending,199.814
55.75,2.5,descending,196.7925
55.75,2.75,descending,196.01
55.75,3.0,descending,193.62
55.75,3.25,descending,192.188
55.75,3.5,descending,192.94167
55.75,3.75,descending,194.48999
55.75,4.0,descending,195.25667
55.75,4.25,descending,196.836
55.75,4.5,descending,198.35332
55.75,4.75,descending,197.65
55.75,5.0,descending,198.83833
55.75,5.25,descending,200.102
55.75,5.5,descending,199.74199
55.75,5.75,descending,198.82
55.75,6.0,descending,199.245
55.75,6.25,descending,199.214
55.75,6.5,descending,198.87166
55.75,6.75,descending,198.64
55.75,7.0,descending,198.77333
55.75,7.25,descending,198.35599
55.75,7.5,descending,197.90833
55.75,7.75,descending,201.04999
55.75,8.0,descending,213.05666
55.75,8.25,descending,234.078
55.75,8.5,descending,253.99666
55.75,8.75,descending,265.154
55.75,9.0,descending,268.01166
55.75,9.25,descending,265.2225
55.75,9.5,descending,257.975
55.75,9.75,descending,250.024
55.75,10.0,descending,243.0
55.75,10.25,descending,234.59799
55.75,10.5,descending,222.65999
55.75,10.75,descending,218.33
55.75,11.0,descending,225.06
55.75,11.25,descending,241.25
55.75,11.5,descending,249.73398
55.75,11.75,descending,252.74333
55.75,12.0,descending,245.33875
55.75,12.25,descending,234.38799
55.75,12.5,descending,228.56285
55.75,12.75,descending,230.88571
55.75,13.0,descending,245.14125
55.75,13.25,descending,252.00142
55.75,13.5,descending,255.2275
55.75,13.75,descending,249.50249
55.75,14.0,descending,238.25624
55.75,14.25,descending,225.24538
55.75,14.5,descending,219.08537
55.75,14.75,descending,210.85333
55.75,15.0,descending,208.53236
55.75,15.25,descending,205.40572
55.75,15.5,descending,200.8215
55.75,15.75,descending,197.29651
55.75,16.0,descending,195.2948
55.75,16.25,descending,194.63521
55.75,16.5,descending,194.423
55.75,16.75,descending,194.32571
55.75,17.0,descending,194.31999
55.75,17.25,descending,194.13713
55.75,17.5,descending,193.83667
55.75,17.75,descending,193.69142
55.75,18.0,descending,193.696
55.75,18.25,descending,193.8457
55.75,18.5,descending,193.90001
55.75,18.75,descending,193.88
55.75,19.0,descending,193.86833
55.75,19.25,descending,193.698
55.75,19.5,descending,193.52832
55.75,19.75,descending,193.398
55.75,20.0,descending,193.555
55.75,20.25,descending,194.17801
55.75,20.5,descending,197.12166
55.75,20.75,descending,203.73799
55.75,21.0,descending,216.13799
55.75,21.25,descending,234.65
55.75,21.5,descending,253.342
55.75,21.75,descending,267.10602
55.75,22.0,descending,274.22998
55.75,22.25,descending,276.366
55.75,22.5,descending,276.845
55.75,22.75,descending,276.5625
55.75,23.0,descending,275.95
55.75,23.25,descending,275.435
55.75,23.5,descending,275.15164
55.75,23.75,descending,274.985
55.75,24.0,descending,274.76166
55.75,24.25,descending,274.41748
55.75,24.5,descending,274.392
55.75,24.75,descending,274.47998
55.75,25.0,descending,274.34
55.75,25.25,descending,273.836
55.75,25.5,descending,272.8275
55.75,25.75,descending,272.04498
55.75,26.0,descending,270.685
55.75,26.25,descending,269.55667
55.75,26.5,descending,268.875
55.75,26.75,descending,267.905
55.75,27.0,descending,267.572
55.75,27.25,descending,267.78333
55.75,27.5,descending,268.96167
55.75,27.75,descending,269.732
55.75,28.0,descending,269.5225
55.75,28.25,descending,273.41498
55.75,28.5,descending,273.9643
55.75,28.75,descending,274.3807
55.75,29.0,descending,273.45624
55.75,29.25,descending,273.08643
55.75,29.5,descending,272.84283
55.75,29.75,descending,273.09232
55.75,30.0,descending,272.29462
55.75,30.25,descending,271.35306
55.75,30.5,descending,272.35358
55.75,30.75,descending,271.735
55.75,31.0,descending,271.88165
55.75,31.25,descending,272.8125
55.75,31.5,descending,272.87
55.75,31.75,descending,272.26636
55.75,32.0,descending,270.61
55.75,32.25,descending,270.28998
55.75,32.5,descending,271.899
55.75,32.75,descending,270.22415
55.75,33.0,descending,270.63547
55.75,33.25,descending,270.28302
55.75,33.5,descending,270.327
55.75,33.75,descending,270.37668
55.75,34.0,descending,270.63635
55.75,34.25,descending,269.67636
55.75,34.5,descending,269.75818
55.75,34.75,descending,269.45364
55.75,35.0,descending,269.01907
55.75,35.25,descending,269.754
55.75,35.5,descending,269.44998
55.75,35.75,descending,269.075
55.75,36.0,descending,268.61636
55.75,36.25,descending,268.716
55.75,36.5,descending,268.7931
55.75,36.75,descending,268.6977
55.75,37.0,descending,268.14453
55.75,37.25,descending,267.125
55.75,37.5,descending,266.42667
55.75,37.75,descending,266.51077
55.75,38.0,descending,267.38998
56.0,-13.0,descending,192.11
56.0,-12.75,descending,191.63
56.0,-12.5,descending,191.27599
56.0,-12.25,descending,191.19998
56.0,-12.0,descending,191.91284
56.0,-11.75,descending,193.02625
56.0,-11.5,descending,193.78833
56.0,-11.25,descending,194.01857
56.0,-11.0,descending,193.83427
56.0,-10.75,descending,192.98999
56.0,-10.5,descending,192.59666
56.0,-10.25,descending,192.15045
56.0,-10.0,descending,192.05783
56.0,-9.75,descending,191.806
56.0,-9.5,descending,191.89952
56.0,-9.25,descending,192.11285
56.0,-9.0,descending,192.34131
56.0,-8.75,descending,192.59285
56.0,-8.5,descending,192.83537
56.0,-8.25,descending,193.17375
56.0,-8.0,descending,193.436
56.0,-7.75,descending,193.46858
56.0,-7.5,descending,194.19374
56.0,-7.25,descending,195.01833
56.0,-7.0,descending,195.81285
56.0,-6.75,descending,198.6157
56.0,-6.5,descending,204.75856
56.0,-6.25,descending,211.89333
56.0,-6.0,descending,221.52498
56.0,-5.75,descending,228.28
56.0,-5.5,descending,234.10333
56.0,-5.25,descending,239.98999
56.0,-5.0,descending,243.07332
56.0,-4.75,descending,247.22667
56.0,-4.5,descending,253.324
56.0,-4.25,descending,260.34332
56.0,-4.0,descending,264.88
56.0,-3.75,descending,265.674
56.0,-3.5,descending,263.40997
56.0,-3.25,descending,258.91666
56.0,-3.0,descending,254.83832
56.0,-2.75,descending,251.30833
56.0,-2.5,descending,247.60799
56.0,-2.25,descending,237.97499
56.0,-2.0,descending,225.95801
56.0,-1.75,descending,213.25801
56.0,-1.5,descending,205.06999
56.0,-1.25,descending,195.29199
56.0,-1.0,descending,189.712
56.0,-0.75,descending,187.43
56.0,-0.5,descending,187.074
56.0,-0.25,descending,187.694
56.0,-0.0,descending,189.62
56.0,0.25,descending,192.42801
56.0,0.5,descending,197.875
56.0,0.75,descending,202.38
56.0,1.0,descending,204.54
56.0,1.25,descending,204.952
56.0,1.5,descending,204.01
56.0,1.75,descending,200.888
56.0,2.0,descending,199.54001
56.0,2.25,descending,196.028
56.0,2.5,descending,194.2225
56.0,2.75,descending,192.7
56.0,3.0,descending,191.84833
56.0,3.25,descending,190.855
56.0,3.5,descending,190.64333
56.0,3.75,descending,190.944
56.0,4.0,descending,190.5725
56.0,4.25,descending,191.16599
56.0,4.5,descending,191.89667
56.0,4.75,descending,192.53
56.0,5.0,descending,192.894
56.0,5.25,descending,193.84499
56.0,5.5,descending,194.9
56.0,5.75,descending,195.608
56.0,6.0,descending,197.26999
56.0,6.25,descending,198.36249
56.0,6.5,descending,198.86398
56.0,6.75,descending,199.262
56.0,7.0,descending,199.85199
56.0,7.25,descending,199.77167
56.0,7.5,descending,199.504
56.0,7.75,descending,203.76
56.0,8.0,descending,218.35
56.0,8.25,descending,242.15999
56.0,8.5,descending,261.022
56.0,8.75,descending,268.154
56.0,9.0,descending,269.93597
56.0,9.25,descending,268.69833
56.0,9.5,descending,264.024
56.0,9.75,descending,256.41333
56.0,10.0,descending,244.89333
56.0,10.25,descending,230.69499
56.0,10.5,descending,219.91249
56.0,10.75,descending,215.04749
56.0,11.0,descending,217.995
56.0,11.25,descending,226.70499
56.0,11.5,descending,231.80998
56.0,11.75,descending,238.14998
56.0,12.0,descending,238.20857
56.0,12.25,descending,237.67833
56.0,12.5,descending,237.06857
56.0,12.75,descending,245.91428
56.0,13.0,descending,260.0843
56.0,13.25,descending,265.69284
56.0,13.5,descending,266.95248
56.0,13.75,descending,260.5
56.0,14.0,descending,246.34
56.0,14.25,descending,233.004
56.0,14.5,descending,233.99869
56.0,14.75,descending,225.90347
56.0,15.0,descending,221.92046
56.0,15.25,descending,216.08421
56.0,15.5,descending,208.28955
56.0,15.75,descending,205.78333
56.0,16.0,descending,200.59608
56.0,16.25,descending,198.77501
56.0,16.5,descending,196.96832
56.0,16.75,descending,195.496
56.0,17.0,descending,194.39749
56.0,17.25,descending,193.84
56.0,17.5,descending,193.57124
56.0,17.75,descending,193.14143
56.0,18.0,descending,193.11499
56.0,18.25,descending,193.11165
56.0,18.5,descending,193.11333
56.0,18.75,descending,193.172
56.0,19.0,descending,193.23286
56.0,19.25,descending,193.23799
56.0,19.5,descending,193.20857
56.0,19.75,descending,193.23167
56.0,20.0,descending,193.54167
56.0,20.25,descending,194.66
56.0,20.5,descending,197.74165
56.0,20.75,descending,206.81001
56.0,21.0,descending,223.30165
56.0,21.25,descending,241.97
56.0,21.5,descending,258.13
56.0,21.75,descending,269.54
56.0,22.0,descending,274.568
56.0,22.25,descending,276.5
56.0,22.5,descending,276.8375
56.0,22.75,descending,276.56198
56.0,23.0,descending,275.93
56.0,23.25,descending,275.155
56.0,23.5,descending,274.82834
56.0,23.75,descending,274.97
56.0,24.0,descending,275.0825
56.0,24.25,descending,275.104
56.0,24.5,descending,275.05
56.0,24.75,descending,274.93
56.0,25.0,descending,274.942
56.0,25.25,descending,274.76666
56.0,25.5,descending,274.096
56.0,25.75,descending,273.244
56.0,26.0,descending,272.34
56.0,26.25,descending,270.896
56.0,26.5,descending,270.05402
56.0,26.75,descending,268.766
56.0,27.0,descending,267.372
56.0,27.25,descending,267.244
56.0,27.5,descending,267.8725
56.0,27.75,descending,268.62
56.0,28.0,descending,268.38168
56.0,28.25,descending,271.69727
56.0,28.5,descending,272.37448
56.0,28.75,descending,271.6141
56.0,29.0,descending,272.3875
56.0,29.25,descending,271.85068
56.0,29.5,descending,271.38937
56.0,29.75,descending,271.71463
56.0,30.0,descending,271.7557
56.0,30.25,descending,270.81
56.0,30.5,descending,270.21924
56.0,30.75,descending,270.8746
56.0,31.0,descending,270.63083
56.0,31.25,descending,270.8825
56.0,31.5,descending,271.27142
56.0,31.75,descending,271.1182
56.0,32.0,descending,272.05
56.0,32.25,descending,272.27817
56.0,32.5,descending,270.46536
56.0,32.75,descending,270.979
56.0,33.0,descending,270.24582
56.0,33.25,descending,270.67908
56.0,33.5,descending,270.5869
56.0,33.75,descending,270.875
56.0,34.0,descending,269.5418
56.0,34.25,descending,269.61365
56.0,34.5,descending,268.08585
56.0,34.75,descending,268.55817
56.0,35.0,descending,268.5975
56.0,35.25,descending,268.99182
56.0,35.5,descending,269.42917
56.0,35.75,descending,269.23544
56.0,36.0,descending,268.19272
56.0,36.25,descending,268.34332
56.0,36.5,descending,268.35666
56.0,36.75,descending,268.2109
56.0,37.0,descending,267.67923
56.0,37.25,descending,266.55545
56.0,37.5,descending,265.70615
56.0,37.75,descending,266.41818
56.0,38.0,descending,267.09427
56.25,-13.0,descending,191.31
56.25,-12.75,descending,190.92665
56.25,-12.5,descending,190.56667
56.25,-12.25,descending,190.47856
56.25,-12.0,descending,191.25143
56.25,-11.75,descending,192.1
56.25,-11.5,descending,192.98499
56.25,-11.25,descending,193.26714
56.25,-11.0,descending,192.80249
56.25,-10.75,descending,191.59999
56.25,-10.5,descending,191.07999
56.25,-10.25,descending,191.385
56.25,-10.0,descending,191.3309
56.25,-9.75,descending,191.285
56.25,-9.5,descending,191.247
56.25,-9.25,descending,191.3355
56.25,-9.0,descending,191.67842
56.25,-8.75,descending,192.5475
56.25,-8.5,descending,193.33665
56.25,-8.25,descending,193.68173
56.25,-8.0,descending,193.19832
56.25,-7.75,descending,192.44667
56.25,-7.5,descending,192.15001
56.25,-7.25,descending,192.04141
56.25,-7.0,descending,192.40857
56.25,-6.75,descending,194.24834
56.25,-6.5,descending,198.56999
56.25,-6.25,descending,204.91399
56.25,-6.0,descending,213.32332
56.25,-5.75,descending,224.73999
56.25,-5.5,descending,236.265
56.25,-5.25,descending,247.25334
56.25,-5.0,descending,253.17
56.25,-4.75,descending,256.822
56.25,-4.5,descending,260.2557
56.25,-4.25,descending,263.906
56.25,-4.0,descending,266.598
56.25,-3.75,descending,266.396
56.25,-3.5,descending,263.526
56.25,-3.25,descending,256.654
56.25,-3.0,descending,245.12997
56.25,-2.75,descending,232.3875
56.25,-2.5,descending,223.26999
56.25,-2.25,descending,214.276
56.25,-2.0,descending,207.295
56.25,-1.75,descending,199.4325
56.25,-1.5,descending,193.826
56.25,-1.25,descending,189.412
56.25,-1.0,descending,187.866
56.25,-0.75,descending,186.975
56.25,-0.5,descending,187.09999
56.25,-0.25,descending,187.82999
56.25,-0.0,descending,188.65285
56.25,0.25,descending,190.398
56.25,0.5,descending,193.374
56.25,0.75,descending,196.875
56.25,1.0,descending,198.778
56.25,1.25,descending,198.34999
56.25,1.5,descending,197.53
56.25,1.75,descending,195.81999
56.25,2.0,descending,194.88199
56.25,2.25,descending,194.63249
56.25,2.5,descending,192.77333
56.25,2.75,descending,191.45499
56.25,3.0,descending,190.62
56.25,3.25,descending,190.2425
56.25,3.5,descending,189.998
56.25,3.75,descending,189.996
56.25,4.0,descending,189.875
56.25,4.25,descending,189.79749
56.25,4.5,descending,189.92168
56.25,4.75,descending,190.48999
56.25,5.0,descending,190.9525
56.25,5.25,descending,191.89
56.25,5.5,descending,192.45833
56.25,5.75,descending,193.538
56.25,6.0,descending,195.502
56.25,6.25,descending,197.33798
56.25,6.5,descending,198.01999
56.25,6.75,descending,198.2125
56.25,7.0,descending,198.168
56.25,7.25,descending,198.062
56.25,7.5,descending,198.66599
56.25,7.75,descending,203.49399
56.25,8.0,descending,221.015
56.25,8.25,descending,243.33
56.25,8.5,descending,259.62997
56.25,8.75,descending,267.53748
56.25,9.0,descending,270.24167
56.25,9.25,descending,270.30402
56.25,9.5,descending,268.425
56.25,9.75,descending,263.995
56.25,10.0,descending,254.85999
56.25,10.25,descending,240.38167
56.25,10.5,descending,226.815
56.25,10.75,descending,216.882
56.25,11.0,descending,211.95332
56.25,11.25,descending,212.528
56.25,11.5,descending,216.44331
56.25,11.75,descending,221.13799
56.25,12.0,descending,225.83333
56.25,12.25,descending,229.304
56.25,12.5,descending,236.13142
56.25,12.75,descending,251.98
56.25,13.0,descending,265.47
56.25,13.25,descending,270.40665
56.25,13.5,descending,271.00714
56.25,13.75,descending,266.72427
56.25,14.0,descending,257.7375
56.25,14.25,descending,252.12715
56.25,14.5,descending,254.21909
56.25,14.75,descending,251.68637
56.25,15.0,descending,247.99095
56.25,15.25,descending,242.19284
56.25,15.5,descending,234.894
56.25,15.75,descending,228.14445
56.25,16.0,descending,220.18478
56.25,16.25,descending,211.03763
56.25,16.5,descending,205.13582
56.25,16.75,descending,200.70052
56.25,17.0,descending,196.64099
56.25,17.25,descending,193.62715
56.25,17.5,descending,192.78285
56.25,17.75,descending,192.49199
56.25,18.0,descending,192.20285
56.25,18.25,descending,192.2
56.25,18.5,descending,192.31
56.25,18.75,descending,192.30833
56.25,19.0,descending,192.31667
56.25,19.25,descending,192.46666
56.25,19.5,descending,192.60399
56.25,19.75,descending,192.73999
56.25,20.0,descending,193.24333
56.25,20.25,descending,194.49165
56.25,20.5,descending,198.646
56.25,20.75,descending,208.27998
56.25,21.0,descending,225.26799
56.25,21.25,descending,245.79199
56.25,21.5,descending,262.672
56.25,21.75,descending,271.5175
56.25,22.0,descending,275.12668
56.25,22.25,descending,276.47397
56.25,22.5,descending,276.755
56.25,22.75,descending,276.50665
56.25,23.0,descending,275.898
56.25,23.25,descending,275.36798
56.25,23.5,descending,275.10498
56.25,23.75,descending,275.08398
56.25,24.0,descending,275.246
56.25,24.25,descending,275.31198
56.25,24.5,descending,275.29248
56.25,24.75,descending,275.228
56.25,25.0,descending,275.128
56.25,25.25,descending,275.04498
56.25,25.5,descending,274.78665
56.25,25.75,descending,274.25668
56.25,26.0,descending,273.72
56.25,26.25,descending,272.735
56.25,26.5,descending,271.864
56.25,26.75,descending,270.51
56.25,27.0,descending,268.55002
56.25,27.25,descending,267.24
56.25,27.5,descending,267.4233
56.25,27.75,descending,267.9425
56.25,28.0,descending,267.59198
56.25,28.25,descending,270.18875
56.25,28.5,descending,271.94525
56.25,28.75,descending,271.20166
56.25,29.0,descending,270.8431
56.25,29.25,descending,271.28665
56.25,29.5,descending,270.98468
56.25,29.75,descending,270.55798
56.25,30.0,descending,270.77692
56.25,30.25,descending,271.87634
56.25,30.5,descending,271.0469
56.25,30.75,descending,270.66666
56.25,31.0,descending,269.89383
56.25,31.25,descending,269.87167
56.25,31.5,descending,270.16
56.25,31.75,descending,270.47635
56.25,32.0,descending,271.14417
56.25,32.25,descending,270.51666
56.25,32.5,descending,270.48398
56.25,32.75,descending,270.7982
56.25,33.0,descending,271.09833
56.25,33.25,descending,270.08636
56.25,33.5,descending,271.138
56.25,33.75,descending,269.7682
56.25,34.0,descending,269.9627
56.25,34.25,descending,268.45697
56.25,34.5,descending,269.2775
56.25,34.75,descending,268.32666
56.25,35.0,descending,268.804
56.25,35.25,descending,269.07272
56.25,35.5,descending,269.16092
56.25,35.75,descending,268.85272
56.25,36.0,descending,268.63
56.25,36.25,descending,268.39084
56.25,36.5,descending,268.1391
56.25,36.75,descending,268.07547
56.25,37.0,descending,267.74786
56.25,37.25,descending,267.173
56.25,37.5,descending,266.88834
56.25,37.75,descending,267.1525
56.25,38.0,descending,268.21167
56.5,-13.0,descending,190.705
56.5,-12.75,descending,190.51285
56.5,-12.5,descending,190.136
56.5,-12.25,descending,190.05858
56.5,-12.0,descending,190.56749
56.5,-11.75,descending,191.386
56.5,-11.5,descending,191.83714
56.5,-11.25,descending,192.08571
56.5,-11.0,descending,191.56999
56.5,-10.75,descending,191.10333
56.5,-10.5,descending,190.94556
56.5,-10.25,descending,191.3053
56.5,-10.0,descending,191.34819
56.5,-9.75,descending,191.18956
56.5,-9.5,descending,190.96951
56.5,-9.25,descending,190.92894
56.5,-9.0,descending,191.2325
56.5,-8.75,descending,192.121
56.5,-8.5,descending,192.61317
56.5,-8.25,descending,192.29955
56.5,-8.0,descending,191.62666
56.5,-7.75,descending,190.96913
56.5,-7.5,descending,190.788
56.5,-7.25,descending,190.98143
56.5,-7.0,descending,192.56714
56.5,-6.75,descending,196.02141
56.5,-6.5,descending,201.62666
56.5,-6.25,descending,210.00143
56.5,-6.0,descending,220.13713
56.5,-5.75,descending,229.28857
56.5,-5.5,descending,238.22667
56.5,-5.25,descending,247.67499
56.5,-5.0,descending,255.84833
56.5,-4.75,descending,261.34833
56.5,-4.5,descending,264.044
56.5,-4.25,descending,265.94833
56.5,-4.0,descending,267.83667
56.5,-3.75,descending,268.94833
56.5,-3.5,descending,267.532
56.5,-3.25,descending,262.336
56.5,-3.0,descending,251.92833
56.5,-2.75,descending,235.566
56.5,-2.5,descending,216.65498
56.5,-2.25,descending,201.65
56.5,-2.0,descending,194.52998
56.5,-1.75,descending,191.036
56.5,-1.5,descending,188.522
56.5,-1.25,descending,187.152
56.5,-1.0,descending,186.71167
56.5,-0.75,descending,186.81999
56.5,-0.5,descending,187.20749
56.5,-0.25,descending,187.86398
56.5,-0.0,descending,187.87428
56.5,0.25,descending,190.0
56.5,0.5,descending,191.202
56.5,0.75,descending,192.54199
56.5,1.0,descending,193.48
56.5,1.25,descending,192.746
56.5,1.5,descending,193.062
56.5,1.75,descending,192.22499
56.5,2.0,descending,191.8675
56.5,2.25,descending,192.456
56.5,2.5,descending,191.64
56.5,2.75,descending,190.54399
56.5,3.0,descending,189.936
56.5,3.25,descending,189.412
56.5,3.5,descending,189.372
56.5,3.75,descending,189.3575
56.5,4.0,descending,189.26799
56.5,4.25,descending,189.28
56.5,4.5,descending,189.42499
56.5,4.75,descending,189.674
56.5,5.0,descending,190.05399
56.5,5.25,descending,190.788
56.5,5.5,descending,191.29
56.5,5.75,descending,192.12999
56.5,6.0,descending,193.68666
56.5,6.25,descending,195.61
56.5,6.5,descending,196.25
56.5,6.75,descending,196.426
56.5,7.0,descending,195.73
56.5,7.25,descending,195.4075
56.5,7.5,descending,196.705
56.5,7.75,descending,203.80199
56.5,8.0,descending,220.21599
56.5,8.25,descending,241.20801
56.5,8.5,descending,255.45601
56.5,8.75,descending,262.87286
56.5,9.0,descending,266.99
56.5,9.25,descending,268.538
56.5,9.5,descending,269.862
56.5,9.75,descending,268.17798
56.5,10.0,descending,260.57498
56.5,10.25,descending,247.288
56.5,10.5,descending,234.2957
56.5,10.75,descending,221.31
56.5,11.0,descending,213.09999
56.5,11.25,descending,212.21399
56.5,11.5,descending,214.17857
56.5,11.75,descending,215.65001
56.5,12.0,descending,216.86287
56.5,12.25,descending,220.64667
56.5,12.5,descending,232.99428
56.5,12.75,descending,251.60428
56.5,13.0,descending,265.385
56.5,13.25,descending,271.56714
56.5,13.5,descending,272.34427
56.5,13.75,descending,270.34283
56.5,14.0,descending,267.5422
56.5,14.25,descending,264.5533
56.5,14.5,descending,265.0561
56.5,14.75,descending,265.94543
56.5,15.0,descending,265.67712
56.5,15.25,descending,264.98944
56.5,15.5,descending,261.0875
56.5,15.75,descending,253.97151
56.5,16.0,descending,245.65096
56.5,16.25,descending,231.04332
56.5,16.5,descending,220.0425
56.5,16.75,descending,208.55542
56.5,17.0,descending,202.34863
56.5,17.25,descending,196.8811
56.5,17.5,descending,193.02333
56.5,17.75,descending,192.03444
56.5,18.0,descending,191.685
56.5,18.25,descending,191.62285
56.5,18.5,descending,191.59714
56.5,18.75,descending,191.61427
56.5,19.0,descending,191.64166
56.5,19.25,descending,191.72499
56.5,19.5,descending,191.8
56.5,19.75,descending,191.95332
56.5,20.0,descending,192.372
56.5,20.25,descending,193.54599
56.5,20.5,descending,197.39143
56.5,20.75,descending,205.9525
56.5,21.0,descending,223.29999
56.5,21.25,descending,244.62334
56.5,21.5,descending,262.05832
56.5,21.75,descending,271.388
56.5,22.0,descending,275.256
56.5,22.25,descending,276.3375
56.5,22.5,descending,276.4375
56.5,22.75,descending,276.254
56.5,23.0,descending,275.778
56.5,23.25,descending,275.335
56.5,23.5,descending,275.06598
56.5,23.75,descending,275.06
56.5,24.0,descending,275.2
56.5,24.25,descending,275.07797
56.5,24.5,descending,274.998
56.5,24.75,descending,274.78598
56.5,25.0,descending,274.7375
56.5,25.25,descending,274.53998
56.5,25.5,descending,274.276
56.5,25.75,descending,274.232
56.5,26.0,descending,273.762
56.5,26.25,descending,273.254
56.5,26.5,descending,272.376
56.5,26.75,descending,271.47998
56.5,27.0,descending,270.17502
56.5,27.25,descending,268.336
56.5,27.5,descending,267.828
56.5,27.75,descending,267.972
56.5,28.0,descending,268.09
56.5,28.25,descending,268.71143
56.5,28.5,descending,272.9062
56.5,28.75,descending,272.35623
56.5,29.0,descending,271.15762
56.5,29.25,descending,270.888
56.5,29.5,descending,271.99286
56.5,29.75,descending,270.99615
56.5,30.0,descending,271.82498
56.5,30.25,descending,271.67786
56.5,30.5,descending,273.74167
56.5,30.75,descending,272.15665
56.5,31.0,descending,271.88165
56.5,31.25,descending,271.17416
56.5,31.5,descending,270.2918
56.5,31.75,descending,270.44144
56.5,32.0,descending,270.89667
56.5,32.25,descending,270.534
56.5,32.5,descending,271.66998
56.5,32.75,descending,271.06546
56.5,33.0,descending,271.00613
56.5,33.25,descending,271.476
56.5,33.5,descending,270.20456
56.5,33.75,descending,270.65546
56.5,34.0,descending,269.99332
56.5,34.25,descending,270.30298
56.5,34.5,descending,269.25272
56.5,34.75,descending,269.19083
56.5,35.0,descending,269.39
56.5,35.25,descending,269.2018
56.5,35.5,descending,269.25998
56.5,35.75,descending,268.15817
56.5,36.0,descending,267.69223
56.5,36.25,descending,266.54416
56.5,36.5,descending,267.06335
56.5,36.75,descending,267.20538
56.5,37.0,descending,267.47998
56.5,37.25,descending,267.651
56.5,37.5,descending,268.065
56.5,37.75,descending,268.178
56.5,38.0,descending,269.0133
56.75,-13.0,descending,190.37
56.75,-12.75,descending,190.16856
56.75,-12.5,descending,190.04199
56.75,-12.25,descending,190.0
56.75,-12.0,descending,190.15999
56.75,-11.75,descending,190.52832
56.75,-11.5,descending,190.95714
56.75,-11.25,descending,191.22833
56.75,-11.0,descending,191.07332
56.75,-10.75,descending,190.97125
56.75,-10.5,descending,191.04857
56.75,-10.25,descending,190.96385
56.75,-10.0,descending,190.82045
56.75,-9.75,descending,190.69699
56.75,-9.5,descending,190.61316
56.75,-9.25,descending,190.59737
56.75,-9.0,descending,190.80273
56.75,-8.75,descending,190.86937
56.75,-8.5,descending,190.681
56.75,-8.25,descending,190.29683
56.75,-8.0,descending,190.08409
56.75,-7.75,descending,190.43713
56.75,-7.5,descending,191.1025
56.75,-7.25,descending,190.7025
56.75,-7.0,descending,191.03429
56.75,-6.75,descending,194.38332
56.75,-6.5,descending,200.67285
56.75,-6.25,descending,210.63165
56.75,-6.0,descending,225.02
56.75,-5.75,descending,237.28
56.75,-5.5,descending,245.26
56.75,-5.25,descending,251.79599
56.75,-5.0,descending,256.47
56.75,-4.75,descending,261.378
56.75,-4.5,descending,264.358
56.75,-4.25,descending,266.188
56.75,-4.0,descending,267.766
56.75,-3.75,descending,269.15
56.75,-3.5,descending,269.77664
56.75,-3.25,descending,269.12997
56.75,-3.0,descending,264.5
56.75,-2.75,descending,251.122
56.75,-2.5,descending,233.798
56.75,-2.25,descending,214.722
56.75,-2.0,descending,196.55833
56.75,-1.75,descending,188.73999
56.75,-1.5,descending,186.79
56.75,-1.25,descending,186.3875
56.75,-1.0,descending,186.3075
56.75,-0.75,descending,186.55165
56.75,-0.5,descending,187.01799
56.75,-0.25,descending,187.6
56.75,-0.0,descending,188.3075
56.75,0.25,descending,189.41
56.75,0.5,descending,190.10399
56.75,0.75,descending,190.4225
56.75,1.0,descending,190.51999
56.75,1.25,descending,189.9475
56.75,1.5,descending,189.474
56.75,1.75,descending,189.7125
56.75,2.0,descending,189.7475
56.75,2.25,descending,190.20999
56.75,2.5,descending,190.02333
56.75,2.75,descending,189.37
56.75,3.0,descending,188.87334
56.75,3.25,descending,188.63332
56.75,3.5,descending,188.49199
56.75,3.75,descending,188.772
56.75,4.0,descending,188.76
56.75,4.25,descending,188.79599
56.75,4.5,descending,189.064
56.75,4.75,descending,189.22333
56.75,5.0,descending,189.50667
56.75,5.25,descending,189.93199
56.75,5.5,descending,190.3175
56.75,5.75,descending,191.015
56.75,6.0,descending,191.808
56.75,6.25,descending,192.74199
56.75,6.5,descending,193.874
56.75,6.75,descending,193.73499
56.75,7.0,descending,193.584
56.75,7.25,descending,193.53
56.75,7.5,descending,195.29
56.75,7.75,descending,200.7525
56.75,8.0,descending,213.79199
56.75,8.25,descending,231.608
56.75,8.5,descending,246.19499
56.75,8.75,descending,253.37666
56.75,9.0,descending,258.272
56.75,9.25,descending,263.466
56.75,9.5,descending,267.01
56.75,9.75,descending,267.19498
56.75,10.0,descending,260.2225
56.75,10.25,descending,246.11333
56.75,10.5,descending,231.972
56.75,10.75,descending,223.146
56.75,11.0,descending,219.94832
56.75,11.25,descending,221.496
56.75,11.5,descending,222.47833
56.75,11.75,descending,222.3225
56.75,12.0,descending,219.86427
56.75,12.25,descending,224.16
56.75,12.5,descending,236.90141
56.75,12.75,descending,256.22165
56.75,13.0,descending,267.4833
56.75,13.25,descending,271.93857
56.75,13.5,descending,272.2525
56.75,13.75,descending,271.41
56.75,14.0,descending,270.62714
56.75,14.25,descending,269.21875
56.75,14.5,descending,268.3193
56.75,14.75,descending,268.90912
56.75,15.0,descending,269.69104
56.75,15.25,descending,270.4675
56.75,15.5,descending,270.28262
56.75,15.75,descending,266.14368
56.75,16.0,descending,258.96777
56.75,16.25,descending,248.17278
56.75,16.5,descending,233.43893
56.75,16.75,descending,218.92545
56.75,17.0,descending,205.5139
56.75,17.25,descending,200.228
56.75,17.5,descending,196.10666
56.75,17.75,descending,193.61165
56.75,18.0,descending,192.68166
56.75,18.25,descending,192.40001
56.75,18.5,descending,192.12334
56.75,18.75,descending,191.592
56.75,19.0,descending,191.37
56.75,19.25,descending,191.282
56.75,19.5,descending,191.20332
56.75,19.75,descending,191.222
56.75,20.0,descending,191.59999
56.75,20.25,descending,192.60333
56.75,20.5,descending,195.87
56.75,20.75,descending,204.56665
56.75,21.0,descending,220.54199
56.75,21.25,descending,240.5075
56.75,21.5,descending,258.964
56.75,21.75,descending,270.145
56.75,22.0,descending,274.68332
56.75,22.25,descending,275.81833
56.75,22.5,descending,275.788
56.75,22.75,descending,275.0
56.75,23.0,descending,273.38
56.75,23.25,descending,272.78998
56.75,23.5,descending,271.164
56.75,23.75,descending,270.46198
56.75,24.0,descending,272.86
56.75,24.25,descending,274.005
56.75,24.5,descending,274.176
56.75,24.75,descending,274.256
56.75,25.0,descending,274.16998
56.75,25.25,descending,274.0
56.75,25.5,descending,273.65802
56.75,25.75,descending,273.4975
56.75,26.0,descending,273.32397
56.75,26.25,descending,272.91
56.75,26.5,descending,272.08
56.75,26.75,descending,270.91
56.75,27.0,descending,270.3975
56.75,27.25,descending,270.044
56.75,27.5,descending,269.388
56.75,27.75,descending,269.135
56.75,28.0,descending,268.9
56.75,28.25,descending,268.96
56.75,28.5,descending,273.5711
56.75,28.75,descending,273.45352
56.75,29.0,descending,272.93185
56.75,29.25,descending,271.79
56.75,29.5,descending,270.69797
56.75,29.75,descending,272.26248
56.75,30.0,descending,272.04715
56.75,30.25,descending,272.46844
56.75,30.5,descending,272.555
56.75,30.75,descending,274.3718
56.75,31.0,descending,273.4718
56.75,31.25,descending,272.6158
56.75,31.5,descending,271.70084
56.75,31.75,descending,270.82816
56.75,32.0,descending,270.83334
56.75,32.25,descending,270.51273
56.75,32.5,descending,269.77582
56.75,32.75,descending,270.10544
56.75,33.0,descending,269.887
56.75,33.25,descending,270.73273
56.75,33.5,descending,270.9609
56.75,33.75,descending,270.99728
56.75,34.0,descending,270.418
56.75,34.25,descending,270.246
56.75,34.5,descending,269.9883
56.75,34.75,descending,269.63898
56.75,35.0,descending,269.17453
56.75,35.25,descending,269.31775
56.75,35.5,descending,268.8125
56.75,35.75,descending,268.01273
56.75,36.0,descending,266.30817
56.75,36.25,descending,265.26093
56.75,36.5,descending,264.89545
56.75,36.75,descending,265.005
56.75,37.0,descending,266.03915
56.75,37.25,descending,266.901
56.75,37.5,descending,267.955
56.75,37.75,descending,268.605
56.75,38.0,descending,269.204
57.0,-13.0,descending,190.14667
57.0,-12.75,descending,189.93399
57.0,-12.5,descending,189.81831
57.0,-12.25,descending,189.73
57.0,-12.0,descending,189.6375
57.0,-11.75,descending,189.784
57.0,-11.5,descending,190.13857
57.0,-11.25,descending,190.39667
57.0,-11.0,descending,190.4025
57.0,-10.75,descending,190.29
57.0,-10.5,descending,190.325
57.0,-10.25,descending,190.20332
57.0,-10.0,descending,190.05522
57.0,-9.75,descending,189.96526
57.0,-9.5,descending,190.03142
57.0,-9.25,descending,190.15706
57.0,-9.0,descending,190.1463
57.0,-8.75,descending,190.0795
57.0,-8.5,descending,189.71234
57.0,-8.25,descending,189.7641
57.0,-8.0,descending,190.6642
57.0,-7.75,descending,192.47636
57.0,-7.5,descending,194.04915
57.0,-7.25,descending,194.28459
57.0,-7.0,descending,194.032
57.0,-6.75,descending,193.51143
57.0,-6.5,descending,198.51428
57.0,-6.25,descending,206.325
57.0,-6.0,descending,216.17833
57.0,-5.75,descending,231.18286
57.0,-5.5,descending,245.62712
57.0,-5.25,descending,255.42334
57.0,-5.0,descending,259.81165
57.0,-4.75,descending,262.81
57.0,-4.5,descending,264.66714
57.0,-4.25,descending,266.222
57.0,-4.0,descending,267.525
57.0,-3.75,descending,268.81665
57.0,-3.5,descending,269.81598
57.0,-3.25,descending,270.38834
57.0,-3.0,descending,270.37997
57.0,-2.75,descending,266.22665
57.0,-2.5,descending,251.7275
57.0,-2.25,descending,231.18399
57.0,-2.0,descending,208.59
57.0,-1.75,descending,195.1525
57.0,-1.5,descending,187.736
57.0,-1.25,descending,186.236
57.0,-1.0,descending,186.062
57.0,-0.75,descending,186.068
57.0,-0.5,descending,186.42
57.0,-0.25,descending,186.824
57.0,-0.0,descending,186.60286
57.0,0.25,descending,188.13249
57.0,0.5,descending,188.616
57.0,0.75,descending,188.9025
57.0,1.0,descending,189.032
57.0,1.25,descending,188.505
57.0,1.5,descending,187.94
57.0,1.75,descending,188.03833
57.0,2.0,descending,188.1975
57.0,2.25,descending,188.40201
57.0,2.5,descending,188.412
57.0,2.75,descending,188.308
57.0,3.0,descending,187.982
57.0,3.25,descending,187.986
57.0,3.5,descending,187.90666
57.0,3.75,descending,188.07799
57.0,4.0,descending,188.27498
57.0,4.25,descending,188.3075
57.0,4.5,descending,188.60599
57.0,4.75,descending,188.922
57.0,5.0,descending,189.19
57.0,5.25,descending,189.38799
57.0,5.5,descending,189.78499
57.0,5.75,descending,190.26999
57.0,6.0,descending,190.83
57.0,6.25,descending,191.082
57.0,6.5,descending,191.71799
57.0,6.75,descending,191.832
57.0,7.0,descending,191.85664
57.0,7.25,descending,192.25749
57.0,7.5,descending,193.80165
57.0,7.75,descending,197.68
57.0,8.0,descending,208.6675
57.0,8.25,descending,225.49666
57.0,8.5,descending,234.80666
57.0,8.75,descending,242.844
57.0,9.0,descending,248.1
57.0,9.25,descending,253.58798
57.0,9.5,descending,261.28165
57.0,9.75,descending,264.0225
57.0,10.0,descending,258.13998
57.0,10.25,descending,244.47
57.0,10.5,descending,233.36665
57.0,10.75,descending,227.71333
57.0,11.0,descending,229.20749
57.0,11.25,descending,233.27832
57.0,11.5,descending,234.73286
57.0,11.75,descending,234.144
57.0,12.0,descending,235.05
57.0,12.25,descending,240.895
57.0,12.5,descending,252.95857
57.0,12.75,descending,264.18332
57.0,13.0,descending,270.66714
57.0,13.25,descending,271.90427
57.0,13.5,descending,271.278
57.0,13.75,descending,270.81125
57.0,14.0,descending,270.51428
57.0,14.25,descending,269.91
57.0,14.5,descending,269.91165
57.0,14.75,descending,270.48856
57.0,15.0,descending,271.1845
57.0,15.25,descending,272.39893
57.0,15.5,descending,272.622
57.0,15.75,descending,270.755
57.0,16.0,descending,265.102
57.0,16.25,descending,253.5722
57.0,16.5,descending,237.61864
57.0,16.75,descending,222.92262
57.0,17.0,descending,209.53001
57.0,17.25,descending,201.04375
57.0,17.5,descending,198.66652
57.0,17.75,descending,197.46999
57.0,18.0,descending,199.02625
57.0,18.25,descending,199.45667
57.0,18.5,descending,197.76143
57.0,18.75,descending,195.10715
57.0,19.0,descending,192.46333
57.0,19.25,descending,191.4557
57.0,19.5,descending,191.085
57.0,19.75,descending,191.19331
57.0,20.0,descending,191.45332
57.0,20.25,descending,192.062
57.0,20.5,descending,193.60333
57.0,20.75,descending,198.26399
57.0,21.0,descending,211.5
57.0,21.25,descending,230.65666
57.0,21.5,descending,251.818
57.0,21.75,descending,266.004
57.0,22.0,descending,272.76
57.0,22.25,descending,274.655
57.0,22.5,descending,274.43
57.0,22.75,descending,272.232
57.0,23.0,descending,267.324
57.0,23.25,descending,260.59833
57.0,23.5,descending,255.944
57.0,23.75,descending,257.705
57.0,24.0,descending,260.732
57.0,24.25,descending,265.636
57.0,24.5,descending,271.498
57.0,24.75,descending,273.36
57.0,25.0,descending,274.03
57.0,25.25,descending,273.91998
57.0,25.5,descending,273.5525
57.0,25.75,descending,273.184
57.0,26.0,descending,273.06
57.0,26.25,descending,273.01498
57.0,26.5,descending,272.44833
57.0,26.75,descending,271.16998
57.0,27.0,descending,270.73
57.0,27.25,descending,270.94
57.0,27.5,descending,270.998
57.0,27.75,descending,270.76498
57.0,28.0,descending,270.43
57.0,28.25,descending,270.072
57.0,28.5,descending,273.94873
57.0,28.75,descending,273.85944
57.0,29.0,descending,273.6175
57.0,29.25,descending,272.77286
57.0,29.5,descending,271.59686
57.0,29.75,descending,271.81332
57.0,30.0,descending,272.12384
57.0,30.25,descending,271.73
57.0,30.5,descending,271.97693
57.0,30.75,descending,272.44083
57.0,31.0,descending,273.15692
57.0,31.25,descending,273.41907
57.0,31.5,descending,272.79
57.0,31.75,descending,270.90164
57.0,32.0,descending,271.3518
57.0,32.25,descending,269.66306
57.0,32.5,descending,268.06198
57.0,32.75,descending,267.25092
57.0,33.0,descending,267.80832
57.0,33.25,descending,268.05698
57.0,33.5,descending,269.56747
57.0,33.75,descending,270.96
57.0,34.0,descending,271.13416
57.0,34.25,descending,270.44168
57.0,34.5,descending,270.32556
57.0,34.75,descending,269.309
57.0,35.0,descending,269.305
57.0,35.25,descending,269.18726
57.0,35.5,descending,268.466
57.0,35.75,descending,267.95697
57.0,36.0,descending,266.56305
57.0,36.25,descending,265.44
57.0,36.5,descending,264.59152
57.0,36.75,descending,264.83798
57.0,37.0,descending,265.43
57.0,37.25,descending,265.90546
57.0,37.5,descending,267.19666
57.0,37.75,descending,268.13623
57.0,38.0,descending,268.6625
57.25,-13.0,descending,190.22499
57.25,-12.75,descending,189.96599
57.25,-12.5,descending,189.72499
57.25,-12.25,descending,189.532
57.25,-12.0,descending,189.42833
57.25,-11.75,descending,189.635
57.25,-11.5,descending,189.93286
57.25,-11.25,descending,190.108
57.25,-11.0,descending,189.90141
57.25,-10.75,descending,189.61398
57.25,-10.5,descending,189.44142
57.25,-10.25,descending,189.57999
57.25,-10.0,descending,189.6313
57.25,-9.75,descending,189.6495
57.25,-9.5,descending,189.64368
57.25,-9.25,descending,189.63388
57.25,-9.0,descending,189.49234
57.25,-8.75,descending,189.39235
57.25,-8.5,descending,189.47368
57.25,-8.25,descending,190.18947
57.25,-8.0,descending,192.10443
57.25,-7.75,descending,195.31293
57.25,-7.5,descending,198.42094
57.25,-7.25,descending,199.48141
57.25,-7.0,descending,200.8287
57.25,-6.75,descending,203.91444
57.25,-6.5,descending,205.28201
57.25,-6.25,descending,212.14166
57.25,-6.0,descending,220.28142
57.25,-5.75,descending,232.52832
57.25,-5.5,descending,243.62598
57.25,-5.25,descending,254.06331
57.25,-5.0,descending,260.84198
57.25,-4.75,descending,263.68198
57.25,-4.5,descending,264.96
57.25,-4.25,descending,266.03333
57.25,-4.0,descending,267.53998
57.25,-3.75,descending,268.675
57.25,-3.5,descending,269.69598
57.25,-3.25,descending,270.46
57.25,-3.0,descending,270.906
57.25,-2.75,descending,270.266
57.25,-2.5,descending,265.62
57.25,-2.25,descending,249.50165
57.25,-2.0,descending,223.61398
57.25,-1.75,descending,204.43999
57.25,-1.5,descending,191.982
57.25,-1.25,descending,186.64166
57.25,-1.0,descending,185.76
57.25,-0.75,descending,185.574
57.25,-0.5,descending,185.75
57.25,-0.25,descending,186.17499
57.25,-0.0,descending,185.513
57.25,0.25,descending,187.0
57.25,0.5,descending,187.575
57.25,0.75,descending,187.818
57.25,1.0,descending,187.81
57.25,1.25,descending,187.76
57.25,1.5,descending,187.48749
57.25,1.75,descending,187.226
57.25,2.0,descending,187.255
57.25,2.25,descending,187.275
57.25,2.5,descending,187.482
57.25,2.75,descending,187.45999
57.25,3.0,descending,187.418
57.25,3.25,descending,187.4925
57.25,3.5,descending,187.524
57.25,3.75,descending,187.565
57.25,4.0,descending,187.746
57.25,4.25,descending,187.855
57.25,4.5,descending,188.0775
57.25,4.75,descending,188.374
57.25,5.0,descending,188.734
57.25,5.25,descending,189.07332
57.25,5.5,descending,189.34166
57.25,5.75,descending,189.7825
57.25,6.0,descending,190.25667
57.25,6.25,descending,190.67665
57.25,6.5,descending,191.1
57.25,6.75,descending,191.25
57.25,7.0,descending,191.232
57.25,7.25,descending,191.646
57.25,7.5,descending,192.79599
57.25,7.75,descending,194.988
57.25,8.0,descending,201.228
57.25,8.25,descending,211.21599
57.25,8.5,descending,222.33998
57.25,8.75,descending,228.2825
57.25,9.0,descending,232.23999
57.25,9.25,descending,240.44832
57.25,9.5,descending,250.0875
57.25,9.75,descending,256.802
57.25,10.0,descending,257.64334
57.25,10.25,descending,250.935
57.25,10.5,descending,242.93166
57.25,10.75,descending,237.754
57.25,11.0,descending,237.948
57.25,11.25,descending,241.05833
57.25,11.5,descending,244.14
57.25,11.75,descending,245.90999
57.25,12.0,descending,251.1875
57.25,12.25,descending,258.72
57.25,12.5,descending,264.23166
57.25,12.75,descending,270.662
57.25,13.0,descending,272.09833
57.25,13.25,descending,272.1557
57.25,13.5,descending,271.60666
57.25,13.75,descending,271.3157
57.25,14.0,descending,271.08835
57.25,14.25,descending,270.87857
57.25,14.5,descending,270.77554
57.25,14.75,descending,271.50864
57.25,15.0,descending,272.30856
57.25,15.25,descending,273.14334
57.25,15.5,descending,273.5072
57.25,15.75,descending,271.95056
57.25,16.0,descending,266.83167
57.25,16.25,descending,254.91116
57.25,16.5,descending,238.52277
57.25,16.75,descending,222.15388
57.25,17.0,descending,210.61777
57.25,17.25,descending,203.053
57.25,17.5,descending,199.835
57.25,17.75,descending,204.54912
57.25,18.0,descending,209.03142
57.25,18.25,descending,212.99428
57.25,18.5,descending,213.548
57.25,18.75,descending,210.66833
57.25,19.0,descending,199.81166
57.25,19.25,descending,194.068
57.25,19.5,descending,192.05165
57.25,19.75,descending,191.628
57.25,20.0,descending,191.834
57.25,20.25,descending,192.282
57.25,20.5,descending,193.07166
57.25,20.75,descending,194.644
57.25,21.0,descending,200.665
57.25,21.25,descending,216.88199
57.25,21.5,descending,240.93399
57.25,21.75,descending,259.47797
57.25,22.0,descending,269.025
57.25,22.25,descending,271.44748
57.25,22.5,descending,270.09198
57.25,22.75,descending,264.11398
57.25,23.0,descending,255.385
57.25,23.25,descending,243.03749
57.25,23.5,descending,233.01001
57.25,23.75,descending,228.65666
57.25,24.0,descending,235.90999
57.25,24.25,descending,243.47
57.25,24.5,descending,260.80798
57.25,24.75,descending,271.05197
57.25,25.0,descending,273.354
57.25,25.25,descending,273.9575
57.25,25.5,descending,273.736
57.25,25.75,descending,273.5075
57.25,26.0,descending,273.346
57.25,26.25,descending,273.41248
57.25,26.5,descending,273.35498
57.25,26.75,descending,272.506
57.25,27.0,descending,271.9225
57.25,27.25,descending,271.91
57.25,27.5,descending,272.042
57.25,27.75,descending,272.0
57.25,28.0,descending,271.6775
57.25,28.25,descending,270.98248
57.25,28.5,descending,273.4409
57.25,28.75,descending,274.40555
57.25,29.0,descending,273.72778
57.25,29.25,descending,272.83264
57.25,29.5,descending,273.11154
57.25,29.75,descending,271.90714
57.25,30.0,descending,271.59714
57.25,30.25,descending,271.28165
57.25,30.5,descending,270.9808
57.25,30.75,descending,271.07
57.25,31.0,descending,271.23544
57.25,31.25,descending,272.50153
57.25,31.5,descending,272.90125
57.25,31.75,descending,272.79456
57.25,32.0,descending,271.72333
57.25,32.25,descending,269.797
57.25,32.5,descending,268.56583
57.25,32.75,descending,265.82635
57.25,33.0,descending,264.5709
57.25,33.25,descending,265.49667
57.25,33.5,descending,268.08557
57.25,33.75,descending,269.83273
57.25,34.0,descending,270.06726
57.25,34.25,descending,270.34555
57.25,34.5,descending,269.49637
57.25,34.75,descending,269.52274
57.25,35.0,descending,269.143
57.25,35.25,descending,268.73502
57.25,35.5,descending,269.076
57.25,35.75,descending,268.343
57.25,36.0,descending,267.3925
57.25,36.25,descending,266.705
57.25,36.5,descending,266.15997
57.25,36.75,descending,266.549
57.25,37.0,descending,266.84
57.25,37.25,descending,266.77222
57.25,37.5,descending,266.45584
57.25,37.75,descending,266.693
57.25,38.0,descending,267.89832
57.5,-13.0,descending,190.52666
57.5,-12.75,descending,190.21599
57.5,-12.5,descending,190.01428
57.5,-12.25,descending,189.878
57.5,-12.0,descending,190.03624
57.5,-11.75,descending,190.26749
57.5,-11.5,descending,190.55286
57.5,-11.25,descending,190.60667
57.5,-11.0,descending,190.14375
57.5,-10.75,descending,189.45
57.5,-10.5,descending,189.16374
57.5,-10.25,descending,189.32999
57.5,-10.0,descending,189.24834
57.5,-9.75,descending,189.305
57.5,-9.5,descending,189.24445
57.5,-9.25,descending,189.12389
57.5,-9.0,descending,189.09264
57.5,-8.75,descending,189.04
57.5,-8.5,descending,189.3055
57.5,-8.25,descending,190.35187
57.5,-8.0,descending,193.28944
57.5,-7.75,descending,197.49736
57.5,-7.5,descending,201.4621
57.5,-7.25,descending,204.32475
57.5,-7.0,descending,208.01619
57.5,-6.75,descending,212.9768
57.5,-6.5,descending,214.2325
57.5,-6.25,descending,220.03499
57.5,-6.0,descending,227.35999
57.5,-5.75,descending,235.22333
57.5,-5.5,descending,245.09427
57.5,-5.25,descending,253.5
57.5,-5.0,descending,260.0957
57.5,-4.75,descending,263.41202
57.5,-4.5,descending,263.38834
57.5,-4.25,descending,261.83798
57.5,-4.0,descending,260.97165
57.5,-3.75,descending,261.87
57.5,-3.5,descending,263.13333
57.5,-3.25,descending,264.89832
57.5,-3.0,descending,266.872
57.5,-2.75,descending,264.68
57.5,-2.5,descending,262.375
57.5,-2.25,descending,256.44
57.5,-2.0,descending,238.62834
57.5,-1.75,descending,214.56999
57.5,-1.5,descending,198.002
57.5,-1.25,descending,189.15799
57.5,-1.0,descending,185.69199
57.5,-0.75,descending,185.23999
57.5,-0.5,descending,185.22
57.5,-0.25,descending,185.48
57.5,-0.0,descending,185.39374
57.5,0.25,descending,186.26666
57.5,0.5,descending,186.78667
57.5,0.75,descending,187.12799
57.5,1.0,descending,187.21333
57.5,1.25,descending,187.28833
57.5,1.5,descending,187.08249
57.5,1.75,descending,186.88998
57.5,2.0,descending,186.72
57.5,2.25,descending,186.7225
57.5,2.5,descending,186.78667
57.5,2.75,descending,186.9525
57.5,3.0,descending,186.92168
57.5,3.25,descending,187.034
57.5,3.5,descending,187.09
57.5,3.75,descending,187.142
57.5,4.0,descending,187.33249
57.5,4.25,descending,187.424
57.5,4.5,descending,187.74666
57.5,4.75,descending,188.09
57.5,5.0,descending,188.372
57.5,5.25,descending,188.73
57.5,5.5,descending,189.01999
57.5,5.75,descending,189.522
57.5,6.0,descending,190.12999
57.5,6.25,descending,190.75
57.5,6.5,descending,191.235
57.5,6.75,descending,191.88
57.5,7.0,descending,191.76799
57.5,7.25,descending,192.04599
57.5,7.5,descending,192.735
57.5,7.75,descending,193.64749
57.5,8.0,descending,195.444
57.5,8.25,descending,200.14166
57.5,8.5,descending,206.0175
57.5,8.75,descending,210.778
57.5,9.0,descending,215.63165
57.5,9.25,descending,221.95499
57.5,9.5,descending,232.16667
57.5,9.75,descending,244.226
57.5,10.0,descending,250.0125
57.5,10.25,descending,248.12334
57.5,10.5,descending,241.696
57.5,10.75,descending,238.576
57.5,11.0,descending,238.48143
57.5,11.25,descending,240.54498
57.5,11.5,descending,243.38799
57.5,11.75,descending,250.91
57.5,12.0,descending,258.798
57.5,12.25,descending,266.8583
57.5,12.5,descending,270.55667
57.5,12.75,descending,272.3825
57.5,13.0,descending,272.85623
57.5,13.25,descending,272.844
57.5,13.5,descending,272.6875
57.5,13.75,descending,272.465
57.5,14.0,descending,272.18143
57.5,14.25,descending,271.68124
57.5,14.5,descending,271.66714
57.5,14.75,descending,272.46738
57.5,15.0,descending,273.18143
57.5,15.25,descending,273.8061
57.5,15.5,descending,273.9926
57.5,15.75,descending,272.62946
57.5,16.0,descending,267.85233
57.5,16.25,descending,257.14664
57.5,16.5,descending,241.1094
57.5,16.75,descending,224.09833
57.5,17.0,descending,209.72777
57.5,17.25,descending,203.07631
57.5,17.5,descending,201.97043
57.5,17.75,descending,208.7645
57.5,18.0,descending,220.04639
57.5,18.25,descending,224.18141
57.5,18.5,descending,229.28714
57.5,18.75,descending,228.45598
57.5,19.0,descending,215.34142
57.5,19.25,descending,203.93333
57.5,19.5,descending,196.13142
57.5,19.75,descending,192.84799
57.5,20.0,descending,191.97499
57.5,20.25,descending,192.12334
57.5,20.5,descending,192.38332
57.5,20.75,descending,192.96199
57.5,21.0,descending,195.72
57.5,21.25,descending,201.058
57.5,21.5,descending,216.635
57.5,21.75,descending,236.674
57.5,22.0,descending,255.622
57.5,22.25,descending,260.31
57.5,22.5,descending,259.19998
57.5,22.75,descending,250.77998
57.5,23.0,descending,239.53333
57.5,23.25,descending,226.05998
57.5,23.5,descending,213.76399
57.5,23.75,descending,207.326
57.5,24.0,descending,213.12
57.5,24.25,descending,226.894
57.5,24.5,descending,247.745
57.5,24.75,descending,263.58398
57.5,25.0,descending,270.648
57.5,25.25,descending,273.006
57.5,25.5,descending,273.72998
57.5,25.75,descending,273.688
57.5,26.0,descending,273.82498
57.5,26.25,descending,273.89
57.5,26.5,descending,273.84998
57.5,26.75,descending,273.3775
57.5,27.0,descending,272.63834
57.5,27.25,descending,272.0525
57.5,27.5,descending,272.00598
57.5,27.75,descending,271.755
57.5,28.0,descending,271.362
57.5,28.25,descending,271.305
57.5,28.5,descending,272.91092
57.5,28.75,descending,274.31158
57.5,29.0,descending,273.61874
57.5,29.25,descending,273.23624
57.5,29.5,descending,272.8125
57.5,29.75,descending,272.74152
57.5,30.0,descending,272.18784
57.5,30.25,descending,271.44998
57.5,30.5,descending,270.99847
57.5,30.75,descending,271.50925
57.5,31.0,descending,270.82785
57.5,31.25,descending,272.01907
57.5,31.5,descending,271.95355
57.5,31.75,descending,272.7009
57.5,32.0,descending,271.75452
57.5,32.25,descending,271.4883
57.5,32.5,descending,270.67908
57.5,32.75,descending,267.00247
57.5,33.0,descending,265.59726
57.5,33.25,descending,266.094
57.5,33.5,descending,267.03333
57.5,33.75,descending,268.83453
57.5,34.0,descending,269.537
57.5,34.25,descending,268.3658
57.5,34.5,descending,268.15546
57.5,34.75,descending,268.3411
57.5,35.0,descending,268.41385
57.5,35.25,descending,268.99
57.5,35.5,descending,268.81097
57.5,35.75,descending,268.39725
57.5,36.0,descending,268.25665
57.5,36.25,descending,267.66092
57.5,36.5,descending,267.59915
57.5,36.75,descending,267.83273
57.5,37.0,descending,267.91922
57.5,37.25,descending,267.531
57.5,37.5,descending,267.0975
57.5,37.75,descending,266.406
57.5,38.0,descending,266.52332
57.75,-13.0,descending,190.73
57.75,-12.75,descending,190.59799
57.75,-12.5,descending,190.60857
57.75,-12.25,descending,190.696
57.75,-12.0,descending,190.99834
57.75,-11.75,descending,191.012
57.75,-11.5,descending,191.22499
57.75,-11.25,descending,191.1425
57.75,-11.0,descending,190.62
57.75,-10.75,descending,189.85428
57.75,-10.5,descending,189.36333
57.75,-10.25,descending,189.53667
57.75,-10.0,descending,189.69177
57.75,-9.75,descending,189.55832
57.75,-9.5,descending,189.5335
57.75,-9.25,descending,189.5247
57.75,-9.0,descending,189.51334
57.75,-8.75,descending,189.5847
57.75,-8.5,descending,189.67175
57.75,-8.25,descending,190.49176
57.75,-8.0,descending,192.79411
57.75,-7.75,descending,197.44312
57.75,-7.5,descending,201.2594
57.75,-7.25,descending,205.74722
57.75,-7.0,descending,210.40349
57.75,-6.75,descending,211.83209
57.75,-6.5,descending,210.04207
57.75,-6.25,descending,208.415
57.75,-6.0,descending,217.50166
57.75,-5.75,descending,226.40498
57.75,-5.5,descending,238.105
57.75,-5.25,descending,251.56166
57.75,-5.0,descending,259.302
57.75,-4.75,descending,263.23834
57.75,-4.5,descending,262.18832
57.75,-4.25,descending,255.70398
57.75,-4.0,descending,248.228
57.75,-3.75,descending,244.32498
57.75,-3.5,descending,238.618
57.75,-3.25,descending,241.37997
57.75,-3.0,descending,243.76399
57.75,-2.75,descending,241.60832
57.75,-2.5,descending,242.818
57.75,-2.25,descending,237.894
57.75,-2.0,descending,230.63599
57.75,-1.75,descending,216.102
57.75,-1.5,descending,200.4075
57.75,-1.25,descending,191.1875
57.75,-1.0,descending,186.802
57.75,-0.75,descending,185.31
57.75,-0.5,descending,185.112
57.75,-0.25,descending,185.2425
57.75,-0.0,descending,184.76776
57.75,0.25,descending,186.05
57.75,0.5,descending,186.34499
57.75,0.75,descending,186.68799
57.75,1.0,descending,186.9175
57.75,1.25,descending,186.86398
57.75,1.5,descending,186.785
57.75,1.75,descending,186.534
57.75,2.0,descending,186.3725
57.75,2.25,descending,186.3825
57.75,2.5,descending,186.39749
57.75,2.75,descending,186.534
57.75,3.0,descending,186.54668
57.75,3.25,descending,186.61398
57.75,3.5,descending,186.67801
57.75,3.75,descending,186.7775
57.75,4.0,descending,187.006
57.75,4.25,descending,187.18
57.75,4.5,descending,187.51599
57.75,4.75,descending,187.7975
57.75,5.0,descending,188.165
57.75,5.25,descending,188.5
57.75,5.5,descending,188.94249
57.75,5.75,descending,189.64499
57.75,6.0,descending,190.67499
57.75,6.25,descending,191.90799
57.75,6.5,descending,192.668
57.75,6.75,descending,194.23
57.75,7.0,descending,194.98248
57.75,7.25,descending,196.832
57.75,7.5,descending,196.80399
57.75,7.75,descending,195.16599
57.75,8.0,descending,194.948
57.75,8.25,descending,194.92749
57.75,8.5,descending,196.68333
57.75,8.75,descending,199.472
57.75,9.0,descending,201.84
57.75,9.25,descending,205.90833
57.75,9.5,descending,213.68001
57.75,9.75,descending,221.9875
57.75,10.0,descending,229.00832
57.75,10.25,descending,230.276
57.75,10.5,descending,227.5025
57.75,10.75,descending,224.49333
57.75,11.0,descending,225.59001
57.75,11.25,descending,230.85
57.75,11.5,descending,239.10667
57.75,11.75,descending,251.3575
57.75,12.0,descending,261.55167
57.75,12.25,descending,268.01334
57.75,12.5,descending,271.19
57.75,12.75,descending,272.37332
57.75,13.0,descending,272.77832
57.75,13.25,descending,272.83798
57.75,13.5,descending,272.86832
57.75,13.75,descending,272.21667
57.75,14.0,descending,270.09332
57.75,14.25,descending,269.36
57.75,14.5,descending,269.29144
57.75,14.75,descending,271.17648
57.75,15.0,descending,271.896
57.75,15.25,descending,273.05276
57.75,15.5,descending,273.17422
57.75,15.75,descending,272.15555
57.75,16.0,descending,268.1694
57.75,16.25,descending,258.33276
57.75,16.5,descending,243.9558
57.75,16.75,descending,226.37352
57.75,17.0,descending,214.08055
57.75,17.25,descending,202.48062
57.75,17.5,descending,201.95262
57.75,17.75,descending,206.70157
57.75,18.0,descending,214.92952
57.75,18.25,descending,222.7559
57.75,18.5,descending,226.74875
57.75,18.75,descending,230.43
57.75,19.0,descending,224.34332
57.75,19.25,descending,211.52332
57.75,19.5,descending,200.634
57.75,19.75,descending,194.37666
57.75,20.0,descending,192.13167
57.75,20.25,descending,191.474
57.75,20.5,descending,191.286
57.75,20.75,descending,191.456
57.75,21.0,descending,191.95166
57.75,21.25,descending,194.41
57.75,21.5,descending,201.28
57.75,21.75,descending,211.77498
57.75,22.0,descending,222.868
57.75,22.25,descending,234.45601
57.75,22.5,descending,238.6275
57.75,22.75,descending,230.37
57.75,23.0,descending,220.25
57.75,23.25,descending,211.486
57.75,23.5,descending,203.6225
57.75,23.75,descending,200.1825
57.75,24.0,descending,205.852
57.75,24.25,descending,222.7925
57.75,24.5,descending,241.61398
57.75,24.75,descending,259.25
57.75,25.0,descending,268.994
57.75,25.25,descending,271.52332
57.75,25.5,descending,272.74832
57.75,25.75,descending,273.23798
57.75,26.0,descending,273.53748
57.75,26.25,descending,273.79333
57.75,26.5,descending,273.80997
57.75,26.75,descending,273.36398
57.75,27.0,descending,272.45502
57.75,27.25,descending,271.0475
57.75,27.5,descending,269.5375
57.75,27.75,descending,267.96164
57.75,28.0,descending,267.2025
57.75,28.25,descending,269.65802
57.75,28.5,descending,272.15997
57.75,28.75,descending,273.84946
57.75,29.0,descending,273.7859
57.75,29.25,descending,274.11072
57.75,29.5,descending,273.0841
57.75,29.75,descending,273.07166
57.75,30.0,descending,273.34857
57.75,30.25,descending,272.28308
57.75,30.5,descending,272.10284
57.75,30.75,descending,271.6591
57.75,31.0,descending,271.3582
57.75,31.25,descending,271.03
57.75,31.5,descending,271.35916
57.75,31.75,descending,271.43274
57.75,32.0,descending,272.47726
57.75,32.25,descending,272.55444
57.75,32.5,descending,270.26
57.75,32.75,descending,269.32544
57.75,33.0,descending,268.0475
57.75,33.25,descending,266.611
57.75,33.5,descending,267.63907
57.75,33.75,descending,267.95297
57.75,34.0,descending,267.95364
57.75,34.25,descending,266.32443
57.75,34.5,descending,266.1527
57.75,34.75,descending,266.27222
57.75,35.0,descending,267.1
57.75,35.25,descending,268.02
57.75,35.5,descending,268.3509
57.75,35.75,descending,268.607
57.75,36.0,descending,267.9311
57.75,36.25,descending,267.3818
57.75,36.5,descending,267.242
57.75,36.75,descending,267.56
57.75,37.0,descending,268.06726
57.75,37.25,descending,267.917
57.75,37.5,descending,267.5491
57.75,37.75,descending,267.03726
57.75,38.0,descending,266.86798
58.0,-13.0,descending,190.73
58.0,-12.75,descending,190.75499
58.0,-12.5,descending,190.93333
58.0,-12.25,descending,191.24165
58.0,-12.0,descending,191.44
58.0,-11.75,descending,191.46
58.0,-11.5,descending,191.40833
58.0,-11.25,descending,191.22667
58.0,-11.0,descending,190.83333
58.0,-10.75,descending,190.26714
58.0,-10.5,descending,190.06166
58.0,-10.25,descending,190.18999
58.0,-10.0,descending,190.4418
58.0,-9.75,descending,190.5519
58.0,-9.5,descending,190.6315
58.0,-9.25,descending,190.88388
58.0,-9.0,descending,191.15646
58.0,-8.75,descending,191.03062
58.0,-8.5,descending,190.7247
58.0,-8.25,descending,190.93375
58.0,-8.0,descending,192.16333
58.0,-7.75,descending,194.55779
58.0,-7.5,descending,199.92294
58.0,-7.25,descending,207.28354
58.0,-7.0,descending,214.35472
58.0,-6.75,descending,215.91399
58.0,-6.5,descending,211.00285
58.0,-6.25,descending,204.92542
58.0,-6.0,descending,202.80083
58.0,-5.75,descending,209.81334
58.0,-5.5,descending,222.424
58.0,-5.25,descending,239.545
58.0,-5.0,descending,253.82397
58.0,-4.75,descending,261.06
58.0,-4.5,descending,263.99
58.0,-4.25,descending,259.28165
58.0,-4.0,descending,247.49165
58.0,-3.75,descending,231.41833
58.0,-3.5,descending,218.646
58.0,-3.25,descending,214.95
58.0,-3.0,descending,213.36665
58.0,-2.75,descending,208.85251
58.0,-2.5,descending,209.205
58.0,-2.25,descending,210.29599
58.0,-2.0,descending,207.03598
58.0,-1.75,descending,202.148
58.0,-1.5,descending,196.84332
58.0,-1.25,descending,190.65
58.0,-1.0,descending,187.344
58.0,-0.75,descending,186.118
58.0,-0.5,descending,185.54399
58.0,-0.25,descending,185.5775
58.0,-0.0,descending,184.26
58.0,0.25,descending,185.81999
58.0,0.5,descending,186.07999
58.0,0.75,descending,186.32332
58.0,1.0,descending,186.564
58.0,1.25,descending,186.55249
58.0,1.5,descending,186.498
58.0,1.75,descending,186.35399
58.0,2.0,descending,186.16399
58.0,2.25,descending,186.165
58.0,2.5,descending,186.20166
58.0,2.75,descending,186.3175
58.0,3.0,descending,186.38199
58.0,3.25,descending,186.3625
58.0,3.5,descending,186.36833
58.0,3.75,descending,186.485
58.0,4.0,descending,186.71399
58.0,4.25,descending,187.036
58.0,4.5,descending,187.3725
58.0,4.75,descending,187.694
58.0,5.0,descending,188.034
58.0,5.25,descending,188.65
58.0,5.5,descending,189.63666
58.0,5.75,descending,190.83499
58.0,6.0,descending,192.5025
58.0,6.25,descending,196.514
58.0,6.5,descending,201.004
58.0,6.75,descending,205.778
58.0,7.0,descending,205.26799
58.0,7.25,descending,214.6225
58.0,7.5,descending,211.324
58.0,7.75,descending,209.432
58.0,8.0,descending,205.03398
58.0,8.25,descending,198.328
58.0,8.5,descending,196.004
58.0,8.75,descending,194.248
58.0,9.0,descending,194.884
58.0,9.25,descending,196.33798
58.0,9.5,descending,198.62999
58.0,9.75,descending,204.51399
58.0,10.0,descending,207.66599
58.0,10.25,descending,208.9025
58.0,10.5,descending,208.52
58.0,10.75,descending,208.31198
58.0,11.0,descending,210.7525
58.0,11.25,descending,220.57713
58.0,11.5,descending,235.66599
58.0,11.75,descending,252.144
58.0,12.0,descending,263.532
58.0,12.25,descending,268.23712
58.0,12.5,descending,270.31
58.0,12.75,descending,271.36667
58.0,13.0,descending,272.19165
58.0,13.25,descending,272.424
58.0,13.5,descending,271.86
58.0,13.75,descending,269.216
58.0,14.0,descending,264.10623
58.0,14.25,descending,261.72
58.0,14.5,descending,262.96143
58.0,14.75,descending,265.70142
58.0,15.0,descending,266.99283
58.0,15.25,descending,269.3079
58.0,15.5,descending,270.08118
58.0,15.75,descending,269.84235
58.0,16.0,descending,267.49445
58.0,16.25,descending,260.26187
58.0,16.5,descending,248.62411
58.0,16.75,descending,231.31686
58.0,17.0,descending,217.10277
58.0,17.25,descending,206.443
58.0,17.5,descending,201.29938
58.0,17.75,descending,201.83556
58.0,18.0,descending,205.47284
58.0,18.25,descending,209.06952
58.0,18.5,descending,210.91846
58.0,18.75,descending,211.051
58.0,19.0,descending,216.34166
58.0,19.25,descending,212.524
58.0,19.5,descending,203.745
58.0,19.75,descending,196.74399
58.0,20.0,descending,192.76599
58.0,20.25,descending,191.20332
58.0,20.5,descending,190.61
58.0,20.75,descending,190.428
58.0,21.0,descending,190.68999
58.0,21.25,descending,191.69499
58.0,21.5,descending,194.77167
58.0,21.75,descending,199.75249
58.0,22.0,descending,205.29749
58.0,22.25,descending,210.77666
58.0,22.5,descending,212.94165
58.0,22.75,descending,211.23799
58.0,23.0,descending,205.342
58.0,23.25,descending,200.3
58.0,23.5,descending,198.26166
58.0,23.75,descending,198.3275
58.0,24.0,descending,203.514
58.0,24.25,descending,218.645
58.0,24.5,descending,241.8
58.0,24.75,descending,256.65665
58.0,25.0,descending,267.496
58.0,25.25,descending,271.364
58.0,25.5,descending,271.345
58.0,25.75,descending,271.51
58.0,26.0,descending,272.1
58.0,26.25,descending,272.414
58.0,26.5,descending,273.06598
58.0,26.75,descending,272.19748
58.0,27.0,descending,270.93332
58.0,27.25,descending,267.065
58.0,27.5,descending,263.232
58.0,27.75,descending,259.4925
58.0,28.0,descending,259.684
58.0,28.25,descending,265.0075
58.0,28.5,descending,268.624
58.0,28.75,descending,273.61765
58.0,29.0,descending,273.73315
58.0,29.25,descending,273.57
58.0,29.5,descending,273.48813
58.0,29.75,descending,273.13785
58.0,30.0,descending,273.0273
58.0,30.25,descending,272.62997
58.0,30.5,descending,271.20428
58.0,30.75,descending,269.0475
58.0,31.0,descending,267.7475
58.0,31.25,descending,265.7175
58.0,31.5,descending,264.70166
58.0,31.75,descending,268.86816
58.0,32.0,descending,269.80463
58.0,32.25,descending,271.11365
58.0,32.5,descending,272.397
58.0,32.75,descending,270.73898
58.0,33.0,descending,269.40582
58.0,33.25,descending,268.17908
58.0,33.5,descending,267.96817
58.0,33.75,descending,267.85727
58.0,34.0,descending,267.43997
58.0,34.25,descending,266.83182
58.0,34.5,descending,266.34637
58.0,34.75,descending,266.21725
58.0,35.0,descending,266.60452
58.0,35.25,descending,267.343
58.0,35.5,descending,267.96454
58.0,35.75,descending,268.27
58.0,36.0,descending,267.93997
58.0,36.25,descending,267.19098
58.0,36.5,descending,266.74298
58.0,36.75,descending,267.08798
58.0,37.0,descending,267.5109
58.0,37.25,descending,267.43332
58.0,37.5,descending,266.61832
58.0,37.75,descending,264.5011
58.0,38.0,descending,262.45285
58.25,-13.0,descending,190.495
58.25,-12.75,descending,190.67332
58.25,-12.5,descending,190.94199
58.25,-12.25,descending,191.22
58.25,-12.0,descending,191.45499
58.25,-11.75,descending,191.51
58.25,-11.5,descending,191.406
58.25,-11.25,descending,191.26428
58.25,-11.0,descending,191.07199
58.25,-10.75,descending,190.90666
58.25,-10.5,descending,191.045
58.25,-10.25,descending,191.11198
58.25,-10.0,descending,191.198
58.25,-9.75,descending,191.0945
58.25,-9.5,descending,191.36276
58.25,-9.25,descending,191.81052
58.25,-9.0,descending,191.97295
58.25,-8.75,descending,191.91466
58.25,-8.5,descending,191.59631
58.25,-8.25,descending,191.58333
58.25,-8.0,descending,192.25293
58.25,-7.75,descending,194.59285
58.25,-7.5,descending,199.375
58.25,-7.25,descending,208.34705
58.25,-7.0,descending,214.93646
58.25,-6.75,descending,218.46777
58.25,-6.5,descending,214.83112
58.25,-6.25,descending,207.969
58.25,-6.0,descending,200.38272
58.25,-5.75,descending,199.03636
58.25,-5.5,descending,208.085
58.25,-5.25,descending,219.844
58.25,-5.0,descending,240.495
58.25,-4.75,descending,252.7
58.25,-4.5,descending,259.922
58.25,-4.25,descending,263.05
58.25,-4.0,descending,259.916
58.25,-3.75,descending,248.526
58.25,-3.5,descending,229.69832
58.25,-3.25,descending,211.154
58.25,-3.0,descending,200.915
58.25,-2.75,descending,197.76799
58.25,-2.5,descending,194.824
58.25,-2.25,descending,193.394
58.25,-2.0,descending,192.855
58.25,-1.75,descending,191.48
58.25,-1.5,descending,189.9775
58.25,-1.25,descending,189.0
58.25,-1.0,descending,187.58249
58.25,-0.75,descending,186.89
58.25,-0.5,descending,186.46399
58.25,-0.25,descending,186.20332
58.25,-0.0,descending,185.20857
58.25,0.25,descending,186.20667
58.25,0.5,descending,186.204
58.25,0.75,descending,186.22333
58.25,1.0,descending,186.26833
58.25,1.25,descending,186.315
58.25,1.5,descending,186.295
58.25,1.75,descending,186.238
58.25,2.0,descending,186.10999
58.25,2.25,descending,186.024
58.25,2.5,descending,186.055
58.25,2.75,descending,186.164
58.25,3.0,descending,186.27
58.25,3.25,descending,186.284
58.25,3.5,descending,186.26999
58.25,3.75,descending,186.324
58.25,4.0,descending,186.4775
58.25,4.25,descending,186.8725
58.25,4.5,descending,187.276
58.25,4.75,descending,187.71667
58.25,5.0,descending,188.36398
58.25,5.25,descending,189.39499
58.25,5.5,descending,193.76999
58.25,5.75,descending,196.6
58.25,6.0,descending,201.55
58.25,6.25,descending,209.635
58.25,6.5,descending,219.25
58.25,6.75,descending,229.08798
58.25,7.0,descending,230.146
58.25,7.25,descending,235.67749
58.25,7.5,descending,236.2675
58.25,7.75,descending,232.42499
58.25,8.0,descending,228.11249
58.25,8.25,descending,219.174
58.25,8.5,descending,209.65999
58.25,8.75,descending,199.052
58.25,9.0,descending,195.05
58.25,9.25,descending,192.808
58.25,9.5,descending,193.11398
58.25,9.75,descending,194.18001
58.25,10.0,descending,195.165
58.25,10.25,descending,196.11665
58.25,10.5,descending,196.884
58.25,10.75,descending,198.5875
58.25,11.0,descending,206.33833
58.25,11.25,descending,224.16199
58.25,11.5,descending,240.344
58.25,11.75,descending,255.32498
58.25,12.0,descending,263.97165
58.25,12.25,descending,265.796
58.25,12.5,descending,266.215
58.25,12.75,descending,267.33334
58.25,13.0,descending,268.676
58.25,13.25,descending,269.23798
58.25,13.5,descending,269.15665
58.25,13.75,descending,266.056
58.25,14.0,descending,258.88
58.25,14.25,descending,253.88199
58.25,14.5,descending,255.96667
58.25,14.75,descending,258.00998
58.25,15.0,descending,260.80856
58.25,15.25,descending,264.18887
58.25,15.5,descending,267.55368
58.25,15.75,descending,268.15875
58.25,16.0,descending,266.9356
58.25,16.25,descending,262.22934
58.25,16.5,descending,251.75589
58.25,16.75,descending,235.94812
58.25,17.0,descending,218.92062
58.25,17.25,descending,208.01666
58.25,17.5,descending,200.71332
58.25,17.75,descending,198.86777
58.25,18.0,descending,198.9947
58.25,18.25,descending,198.99149
58.25,18.5,descending,198.45764
58.25,18.75,descending,197.9559
58.25,19.0,descending,198.245
58.25,19.25,descending,201.18001
58.25,19.5,descending,198.585
58.25,19.75,descending,195.26599
58.25,20.0,descending,192.46
58.25,20.25,descending,190.746
58.25,20.5,descending,190.11398
58.25,20.75,descending,189.998
58.25,21.0,descending,190.24333
58.25,21.25,descending,191.26999
58.25,21.5,descending,195.02998
58.25,21.75,descending,201.57199
58.25,22.0,descending,209.94167
58.25,22.25,descending,216.87
58.25,22.5,descending,218.63
58.25,22.75,descending,212.31999
58.25,23.0,descending,203.82999
58.25,23.25,descending,201.73999
58.25,23.5,descending,202.784
58.25,23.75,descending,207.15332
58.25,24.0,descending,213.58249
58.25,24.25,descending,221.42499
58.25,24.5,descending,237.924
58.25,24.75,descending,256.91998
58.25,25.0,descending,266.62396
58.25,25.25,descending,271.07797
58.25,25.5,descending,270.98248
58.25,25.75,descending,269.022
58.25,26.0,descending,268.82498
58.25,26.25,descending,268.96
58.25,26.5,descending,270.8625
58.25,26.75,descending,269.95
58.25,27.0,descending,265.648
58.25,27.25,descending,261.22498
58.25,27.5,descending,254.275
58.25,27.75,descending,253.81
58.25,28.0,descending,256.09
58.25,28.25,descending,262.016
58.25,28.5,descending,267.6475
58.25,28.75,descending,272.91498
58.25,29.0,descending,274.00354
58.25,29.25,descending,273.3156
58.25,29.5,descending,273.24997
58.25,29.75,descending,273.2693
58.25,30.0,descending,272.35922
58.25,30.25,descending,272.15155
58.25,30.5,descending,269.8
58.25,30.75,descending,264.9046
58.25,31.0,descending,257.47635
58.25,31.25,descending,253.62091
58.25,31.5,descending,254.65598
58.25,31.75,descending,258.22665
58.25,32.0,descending,264.4691
58.25,32.25,descending,269.22165
58.25,32.5,descending,270.41452
58.25,32.75,descending,271.03598
58.25,33.0,descending,269.94223
58.25,33.25,descending,269.22
58.25,33.5,descending,268.83667
58.25,33.75,descending,268.12454
58.25,34.0,descending,267.445
58.25,34.25,descending,267.224
58.25,34.5,descending,267.12997
58.25,34.75,descending,266.93
58.25,35.0,descending,266.899
58.25,35.25,descending,267.313
58.25,35.5,descending,268.006
58.25,35.75,descending,268.392
58.25,36.0,descending,268.235
58.25,36.25,descending,267.77667
58.25,36.5,descending,267.47333
58.25,36.75,descending,267.58
58.25,37.0,descending,267.16556
58.25,37.25,descending,265.58273
58.25,37.5,descending,260.8625
58.25,37.75,descending,255.66667
58.25,38.0,descending,249.02333
58.5,-13.0,descending,190.39
58.5,-12.75,descending,190.64166
58.5,-12.5,descending,190.926
58.5,-12.25,descending,191.1
58.5,-12.0,descending,191.165
58.5,-11.75,descending,191.21167
58.5,-11.5,descending,191.17749
58.5,-11.25,descending,191.12143
58.5,-11.0,descending,191.18
58.5,-10.75,descending,191.51599
58.5,-10.5,descending,192.10571
58.5,-10.25,descending,192.84499
58.5,-10.0,descending,192.92749
58.5,-9.75,descending,192.1565
58.5,-9.5,descending,192.24
58.5,-9.25,descending,192.37875
58.5,-9.0,descending,192.44473
58.5,-8.75,descending,192.37999
58.5,-8.5,descending,192.35222
58.5,-8.25,descending,192.59187
58.5,-8.0,descending,193.63533
58.5,-7.75,descending,195.36436
58.5,-7.5,descending,198.67732
58.5,-7.25,descending,202.87175
58.5,-7.0,descending,207.75888
58.5,-6.75,descending,208.56561
58.5,-6.5,descending,206.78157
58.5,-6.25,descending,201.495
58.5,-6.0,descending,197.584
58.5,-5.75,descending,196.07582
58.5,-5.5,descending,197.4475
58.5,-5.25,descending,206.625
58.5,-5.0,descending,220.92332
58.5,-4.75,descending,233.34833
58.5,-4.5,descending,243.31334
58.5,-4.25,descending,249.47333
58.5,-4.0,descending,249.71999
58.5,-3.75,descending,249.398
58.5,-3.5,descending,245.75801
58.5,-3.25,descending,231.81334
58.5,-3.0,descending,213.45166
58.5,-2.75,descending,200.20999
58.5,-2.5,descending,193.405
58.5,-2.25,descending,191.304
58.5,-2.0,descending,189.69666
58.5,-1.75,descending,188.84666
58.5,-1.5,descending,188.40799
58.5,-1.25,descending,188.17749
58.5,-1.0,descending,187.85
58.5,-0.75,descending,187.632
58.5,-0.5,descending,187.504
58.5,-0.25,descending,187.22499
58.5,-0.0,descending,185.13142
58.5,0.25,descending,186.98
58.5,0.5,descending,186.754
58.5,0.75,descending,186.51999
58.5,1.0,descending,186.498
58.5,1.25,descending,186.3675
58.5,1.5,descending,186.355
58.5,1.75,descending,186.226
58.5,2.0,descending,186.102
58.5,2.25,descending,185.9925
58.5,2.5,descending,186.005
58.5,2.75,descending,186.12999
58.5,3.0,descending,186.232
58.5,3.25,descending,186.27249
58.5,3.5,descending,186.258
58.5,3.75,descending,186.2275
58.5,4.0,descending,186.315
58.5,4.25,descending,186.635
58.5,4.5,descending,187.16599
58.5,4.75,descending,187.87799
58.5,5.0,descending,189.89499
58.5,5.25,descending,193.236
58.5,5.5,descending,200.42249
58.5,5.75,descending,210.47499
58.5,6.0,descending,221.43999
58.5,6.25,descending,227.605
58.5,6.5,descending,235.74199
58.5,6.75,descending,247.565
58.5,7.0,descending,251.538
58.5,7.25,descending,255.38
58.5,7.5,descending,253.99399
58.5,7.75,descending,253.95749
58.5,8.0,descending,251.22
58.5,8.25,descending,243.48398
58.5,8.5,descending,232.73248
58.5,8.75,descending,220.01999
58.5,9.0,descending,205.96167
58.5,9.25,descending,197.1975
58.5,9.5,descending,193.68399
58.5,9.75,descending,192.086
58.5,10.0,descending,191.81198
58.5,10.25,descending,192.08598
58.5,10.5,descending,192.87999
58.5,10.75,descending,196.532
58.5,11.0,descending,209.97333
58.5,11.25,descending,230.98999
58.5,11.5,descending,248.75
58.5,11.75,descending,259.47
58.5,12.0,descending,263.91333
58.5,12.25,descending,260.33
58.5,12.5,descending,254.29599
58.5,12.75,descending,253.94714
58.5,13.0,descending,255.56201
58.5,13.25,descending,258.58197
58.5,13.5,descending,259.83
58.5,13.75,descending,260.96
58.5,14.0,descending,256.525
58.5,14.25,descending,250.95142
58.5,14.5,descending,249.59833
58.5,14.75,descending,253.7622
58.5,15.0,descending,252.83946
58.5,15.25,descending,259.1181
58.5,15.5,descending,263.04868
58.5,15.75,descending,265.61276
58.5,16.0,descending,265.8261
58.5,16.25,descending,262.7007
58.5,16.5,descending,253.51723
58.5,16.75,descending,240.34332
58.5,17.0,descending,225.055
58.5,17.25,descending,211.18813
58.5,17.5,descending,203.91667
58.5,17.75,descending,198.58249
58.5,18.0,descending,196.10777
58.5,18.25,descending,194.44353
58.5,18.5,descending,193.65771
58.5,18.75,descending,193.09349
58.5,19.0,descending,193.2461
58.5,19.25,descending,192.88213
58.5,19.5,descending,193.15833
58.5,19.75,descending,192.20332
58.5,20.0,descending,191.26833
58.5,20.25,descending,190.22499
58.5,20.5,descending,189.778
58.5,20.75,descending,189.66833
58.5,21.0,descending,189.85599
58.5,21.25,descending,190.81999
58.5,21.5,descending,192.965
58.5,21.75,descending,199.954
58.5,22.0,descending,212.36665
58.5,22.25,descending,226.10799
58.5,22.5,descending,232.575
58.5,22.75,descending,233.56999
58.5,23.0,descending,225.132
58.5,23.25,descending,216.295
58.5,23.5,descending,218.62999
58.5,23.75,descending,226.315
58.5,24.0,descending,233.62
58.5,24.25,descending,238.575
58.5,24.5,descending,247.88599
58.5,24.75,descending,256.796
58.5,25.0,descending,266.1125
58.5,25.25,descending,270.81998
58.5,25.5,descending,271.08
58.5,25.75,descending,269.596
58.5,26.0,descending,267.254
58.5,26.25,descending,267.1475
58.5,26.5,descending,267.558
58.5,26.75,descending,265.1275
58.5,27.0,descending,258.8
58.5,27.25,descending,247.70999
58.5,27.5,descending,242.9625
58.5,27.75,descending,246.45
58.5,28.0,descending,254.892
58.5,28.25,descending,263.2175
58.5,28.5,descending,267.428
58.5,28.75,descending,273.1427
58.5,29.0,descending,273.6726
58.5,29.25,descending,273.45624
58.5,29.5,descending,272.84436
58.5,29.75,descending,272.66855
58.5,30.0,descending,272.29922
58.5,30.25,descending,271.37228
58.5,30.5,descending,270.3157
58.5,30.75,descending,267.4883
58.5,31.0,descending,260.70642
58.5,31.25,descending,251.97728
58.5,31.5,descending,252.30615
58.5,31.75,descending,255.16444
58.5,32.0,descending,262.04767
58.5,32.25,descending,267.301
58.5,32.5,descending,269.62726
58.5,32.75,descending,270.54544
58.5,33.0,descending,270.70834
58.5,33.25,descending,271.00446
58.5,33.5,descending,269.38547
58.5,33.75,descending,268.69363
58.5,34.0,descending,268.76544
58.5,34.25,descending,267.25333
58.5,34.5,descending,267.6218
58.5,34.75,descending,267.034
58.5,35.0,descending,266.96
58.5,35.25,descending,267.366
58.5,35.5,descending,267.83362
58.5,35.75,descending,268.33417
58.5,36.0,descending,268.41498
58.5,36.25,descending,268.31888
58.5,36.5,descending,268.16272
58.5,36.75,descending,267.53998
58.5,37.0,descending,266.242
58.5,37.25,descending,262.97446
58.5,37.5,descending,255.722
58.5,37.75,descending,244.304
58.5,38.0,descending,234.67429
58.75,-13.0,descending,190.67
58.75,-12.75,descending,191.134
58.75,-12.5,descending,191.424
58.75,-12.25,descending,191.26999
58.75,-12.0,descending,190.955
58.75,-11.75,descending,190.65
58.75,-11.5,descending,190.69
58.75,-11.25,descending,190.88165
58.75,-11.0,descending,191.368
58.75,-10.75,descending,192.148
58.75,-10.5,descending,193.72427
58.75,-10.25,descending,194.892
58.75,-10.0,descending,194.79167
58.75,-9.75,descending,192.94888
58.75,-9.5,descending,192.73474
58.75,-9.25,descending,192.48166
58.75,-9.0,descending,192.1525
58.75,-8.75,descending,191.79813
58.75,-8.5,descending,191.64532
58.75,-8.25,descending,192.26071
58.75,-8.0,descending,193.15938
58.75,-7.75,descending,194.80571
58.75,-7.5,descending,196.39749
58.75,-7.25,descending,197.62187
58.75,-7.0,descending,199.36642
58.75,-6.75,descending,197.04066
58.75,-6.5,descending,195.35599
58.75,-6.25,descending,192.45778
58.75,-6.0,descending,191.1821
58.75,-5.75,descending,191.2721
58.75,-5.5,descending,192.75249
58.75,-5.25,descending,193.03874
58.75,-5.0,descending,198.74399
58.75,-4.75,descending,204.108
58.75,-4.5,descending,212.06999
58.75,-4.25,descending,217.78598
58.75,-4.0,descending,218.746
58.75,-3.75,descending,226.452
58.75,-3.5,descending,232.73749
58.75,-3.25,descending,227.094
58.75,-3.0,descending,221.08249
58.75,-2.75,descending,208.31831
58.75,-2.5,descending,197.38
58.75,-2.25,descending,192.6025
58.75,-2.0,descending,190.162
58.75,-1.75,descending,189.27249
58.75,-1.5,descending,188.826
58.75,-1.25,descending,188.624
58.75,-1.0,descending,188.498
58.75,-0.75,descending,188.338
58.75,-0.5,descending,188.23799
58.75,-0.25,descending,188.09
58.75,-0.0,descending,185.87999
58.75,0.25,descending,187.3725
58.75,0.5,descending,187.25
58.75,0.75,descending,187.04
58.75,1.0,descending,187.04599
58.75,1.25,descending,186.9
58.75,1.5,descending,186.845
58.75,1.75,descending,186.57166
58.75,2.0,descending,186.18999
58.75,2.25,descending,186.01799
58.75,2.5,descending,185.9725
58.75,2.75,descending,186.065
58.75,3.0,descending,186.23
58.75,3.25,descending,186.26749
58.75,3.5,descending,186.2
58.75,3.75,descending,186.1425
58.75,4.0,descending,186.1875
58.75,4.25,descending,186.41599
58.75,4.5,descending,186.92749
58.75,4.75,descending,188.0
58.75,5.0,descending,190.186
58.75,5.25,descending,196.73999
58.75,5.5,descending,210.46999
58.75,5.75,descending,224.6975
58.75,6.0,descending,237.44331
58.75,6.25,descending,244.96599
58.75,6.5,descending,250.116
58.75,6.75,descending,254.9725
58.75,7.0,descending,257.935
58.75,7.25,descending,259.8125
58.75,7.5,descending,261.22
58.75,7.75,descending,261.56668
58.75,8.0,descending,260.99332
58.75,8.25,descending,259.02332
58.75,8.5,descending,252.50798
58.75,8.75,descending,241.946
58.75,9.0,descending,228.7425
58.75,9.25,descending,215.448
58.75,9.5,descending,205.056
58.75,9.75,descending,197.18
58.75,10.0,descending,195.306
58.75,10.25,descending,193.7625
58.75,10.5,descending,194.63332
58.75,10.75,descending,202.35399
58.75,11.0,descending,217.9625
58.75,11.25,descending,238.98198
58.75,11.5,descending,257.59
58.75,11.75,descending,264.06
58.75,12.0,descending,262.91748
58.75,12.25,descending,254.87
58.75,12.5,descending,241.51001
58.75,12.75,descending,235.95667
58.75,13.0,descending,234.946
58.75,13.25,descending,238.26999
58.75,13.5,descending,241.98999
58.75,13.75,descending,251.08798
58.75,14.0,descending,252.2475
58.75,14.25,descending,250.7675
58.75,14.5,descending,250.17749
58.75,14.75,descending,254.955
58.75,15.0,descending,256.51578
58.75,15.25,descending,259.17
58.75,15.5,descending,261.96
58.75,15.75,descending,263.54498
58.75,16.0,descending,264.1635
58.75,16.25,descending,261.94266
58.75,16.5,descending,257.738
58.75,16.75,descending,249.17732
58.75,17.0,descending,238.76875
58.75,17.25,descending,225.71199
58.75,17.5,descending,215.82124
58.75,17.75,descending,207.60428
58.75,18.0,descending,201.92201
58.75,18.25,descending,197.32375
58.75,18.5,descending,194.04529
58.75,18.75,descending,192.74666
58.75,19.0,descending,191.5361
58.75,19.25,descending,190.89429
58.75,19.5,descending,190.65285
58.75,19.75,descending,191.112
58.75,20.0,descending,190.63998
58.75,20.25,descending,190.07199
58.75,20.5,descending,189.65332
58.75,20.75,descending,189.49199
58.75,21.0,descending,189.56166
58.75,21.25,descending,189.922
58.75,21.5,descending,191.225
58.75,21.75,descending,194.50334
58.75,22.0,descending,200.485
58.75,22.25,descending,213.93799
58.75,22.5,descending,228.406
58.75,22.75,descending,233.392
58.75,23.0,descending,233.48999
58.75,23.25,descending,232.57666
58.75,23.5,descending,234.90201
58.75,23.75,descending,243.41599
58.75,24.0,descending,253.58598
58.75,24.25,descending,256.4225
58.75,24.5,descending,262.486
58.75,24.75,descending,265.36
58.75,25.0,descending,268.88
58.75,25.25,descending,270.8825
58.75,25.5,descending,271.625
58.75,25.75,descending,270.635
58.75,26.0,descending,269.77
58.75,26.25,descending,268.18198
58.75,26.5,descending,267.03247
58.75,26.75,descending,262.66748
58.75,27.0,descending,250.45598
58.75,27.25,descending,236.7175
58.75,27.5,descending,232.27249
58.75,27.75,descending,238.11249
58.75,28.0,descending,253.75249
58.75,28.25,descending,263.165
58.75,28.5,descending,268.862
58.75,28.75,descending,272.88556
58.75,29.0,descending,273.71
58.75,29.25,descending,273.7156
58.75,29.5,descending,273.125
58.75,29.75,descending,272.25598
58.75,30.0,descending,271.66934
58.75,30.25,descending,271.88455
58.75,30.5,descending,271.14166
58.75,30.75,descending,269.898
58.75,31.0,descending,268.5375
58.75,31.25,descending,265.3475
58.75,31.5,descending,262.27725
58.75,31.75,descending,262.71414
58.75,32.0,descending,267.51666
58.75,32.25,descending,268.33728
58.75,32.5,descending,270.28583
58.75,32.75,descending,271.294
58.75,33.0,descending,270.9373
58.75,33.25,descending,270.241
58.75,33.5,descending,270.30698
58.75,33.75,descending,269.53
58.75,34.0,descending,267.852
58.75,34.25,descending,267.6591
58.75,34.5,descending,267.63202
58.75,34.75,descending,266.83398
58.75,35.0,descending,266.65332
58.75,35.25,descending,267.159
58.75,35.5,descending,267.63333
58.75,35.75,descending,267.96222
58.75,36.0,descending,268.13
58.75,36.25,descending,268.175
58.75,36.5,descending,267.90637
58.75,36.75,descending,266.8411
58.75,37.0,descending,264.5518
58.75,37.25,descending,260.55402
58.75,37.5,descending,253.09908
58.75,37.75,descending,243.5622
58.75,38.0,descending,234.835
59.0,-13.0,descending,191.59
59.0,-12.75,descending,191.915
59.0,-12.5,descending,192.21399
59.0,-12.25,descending,191.72142
59.0,-12.0,descending,190.84799
59.0,-11.75,descending,190.345
59.0,-11.5,descending,190.26399
59.0,-11.25,descending,190.62715
59.0,-11.0,descending,191.476
59.0,-10.75,descending,192.734
59.0,-10.5,descending,194.10999
59.0,-10.25,descending,194.72833
59.0,-10.0,descending,193.75334
59.0,-9.75,descending,191.6757
59.0,-9.5,descending,191.17053
59.0,-9.25,descending,190.62054
59.0,-9.0,descending,190.34105
59.0,-8.75,descending,189.83865
59.0,-8.5,descending,189.79555
59.0,-8.25,descending,190.19499
59.0,-8.0,descending,190.72705
59.0,-7.75,descending,191.14667
59.0,-7.5,descending,191.70686
59.0,-7.25,descending,192.33615
59.0,-7.0,descending,191.84332
59.0,-6.75,descending,190.76846
59.0,-6.5,descending,189.5041
59.0,-6.25,descending,188.00587
59.0,-6.0,descending,187.59833
59.0,-5.75,descending,188.2147
59.0,-5.5,descending,188.5745
59.0,-5.25,descending,189.04454
59.0,-5.0,descending,188.72421
59.0,-4.75,descending,189.42429
59.0,-4.5,descending,190.944
59.0,-4.25,descending,193.38167
59.0,-4.0,descending,195.404
59.0,-3.75,descending,200.32832
59.0,-3.5,descending,208.82166
59.0,-3.25,descending,213.91399
59.0,-3.0,descending,213.87334
59.0,-2.75,descending,208.89
59.0,-2.5,descending,200.396
59.0,-2.25,descending,193.30833
59.0,-2.0,descending,190.07199
59.0,-1.75,descending,189.102
59.0,-1.5,descending,188.72
59.0,-1.25,descending,188.54999
59.0,-1.0,descending,188.355
59.0,-0.75,descending,188.1975
59.0,-0.5,descending,188.2275
59.0,-0.25,descending,188.17
59.0,-0.0,descending,186.73286
59.0,0.25,descending,187.7175
59.0,0.5,descending,187.502
59.0,0.75,descending,187.328
59.0,1.0,descending,187.305
59.0,1.25,descending,187.326
59.0,1.5,descending,187.255
59.0,1.75,descending,187.0875
59.0,2.0,descending,186.554
59.0,2.25,descending,186.2125
59.0,2.5,descending,185.93834
59.0,2.75,descending,185.9775
59.0,3.0,descending,186.118
59.0,3.25,descending,186.23
59.0,3.5,descending,186.204
59.0,3.75,descending,186.12999
59.0,4.0,descending,186.168
59.0,4.25,descending,186.4475
59.0,4.5,descending,187.11
59.0,4.75,descending,188.38
59.0,5.0,descending,192.71799
59.0,5.25,descending,199.02599
59.0,5.5,descending,213.87999
59.0,5.75,descending,230.022
59.0,6.0,descending,243.854
59.0,6.25,descending,252.3225
59.0,6.5,descending,255.75798
59.0,6.75,descending,257.11
59.0,7.0,descending,257.96
59.0,7.25,descending,259.145
59.0,7.5,descending,260.256
59.0,7.75,descending,260.9225
59.0,8.0,descending,261.32834
59.0,8.25,descending,261.19598
59.0,8.5,descending,260.55667
59.0,8.75,descending,258.992
59.0,9.0,descending,249.224
59.0,9.25,descending,237.404
59.0,9.5,descending,225.98499
59.0,9.75,descending,217.42798
59.0,10.0,descending,211.52998
59.0,10.25,descending,203.376
59.0,10.5,descending,203.40201
59.0,10.75,descending,210.33
59.0,11.0,descending,226.772
59.0,11.25,descending,248.30801
59.0,11.5,descending,260.654
59.0,11.75,descending,264.546
59.0,12.0,descending,262.0483
59.0,12.25,descending,253.94
59.0,12.5,descending,241.00832
59.0,12.75,descending,229.832
59.0,13.0,descending,224.83798
59.0,13.25,descending,222.90799
59.0,13.5,descending,225.87834
59.0,13.75,descending,237.17833
59.0,14.0,descending,247.19666
59.0,14.25,descending,253.195
59.0,14.5,descending,256.9425
59.0,14.75,descending,261.5875
59.0,15.0,descending,264.74777
59.0,15.25,descending,265.58472
59.0,15.5,descending,264.6337
59.0,15.75,descending,264.29706
59.0,16.0,descending,264.39645
59.0,16.25,descending,264.31186
59.0,16.5,descending,261.9294
59.0,16.75,descending,259.4457
59.0,17.0,descending,252.55812
59.0,17.25,descending,247.83665
59.0,17.5,descending,238.44499
59.0,17.75,descending,229.87881
59.0,18.0,descending,219.40642
59.0,18.25,descending,212.84889
59.0,18.5,descending,201.99625
59.0,18.75,descending,197.00812
59.0,19.0,descending,193.01428
59.0,19.25,descending,191.1794
59.0,19.5,descending,190.51118
59.0,19.75,descending,190.39867
59.0,20.0,descending,190.62875
59.0,20.25,descending,190.06
59.0,20.5,descending,189.66599
59.0,20.75,descending,189.495
59.0,21.0,descending,189.50749
59.0,21.25,descending,189.69
59.0,21.5,descending,190.22333
59.0,21.75,descending,192.2525
59.0,22.0,descending,196.44499
59.0,22.25,descending,204.978
59.0,22.5,descending,213.80798
59.0,22.75,descending,223.6725
59.0,23.0,descending,225.58499
59.0,23.25,descending,227.49399
59.0,23.5,descending,236.974
59.0,23.75,descending,247.228
59.0,24.0,descending,258.41998
59.0,24.25,descending,266.42166
59.0,24.5,descending,269.22
59.0,24.75,descending,270.615
59.0,25.0,descending,271.08398
59.0,25.25,descending,271.6275
59.0,25.5,descending,271.672
59.0,25.75,descending,271.3425
59.0,26.0,descending,270.815
59.0,26.25,descending,270.26398
59.0,26.5,descending,269.1425
59.0,26.75,descending,264.07748
59.0,27.0,descending,254.12
59.0,27.25,descending,241.694
59.0,27.5,descending,232.60999
59.0,27.75,descending,239.83798
59.0,28.0,descending,250.67
59.0,28.25,descending,262.958
59.0,28.5,descending,268.195
59.0,28.75,descending,270.96857
59.0,29.0,descending,273.46887
59.0,29.25,descending,273.4459
59.0,29.5,descending,272.9306
59.0,29.75,descending,272.69928
59.0,30.0,descending,271.53287
59.0,30.25,descending,270.82
59.0,30.5,descending,271.18845
59.0,30.75,descending,270.51358
59.0,31.0,descending,269.49667
59.0,31.25,descending,269.12454
59.0,31.5,descending,269.29364
59.0,31.75,descending,269.14075
59.0,32.0,descending,269.43845
59.0,32.25,descending,271.64398
59.0,32.5,descending,270.78635
59.0,32.75,descending,270.96817
59.0,33.0,descending,271.08182
59.0,33.25,descending,270.97556
59.0,33.5,descending,270.27
59.0,33.75,descending,268.877
59.0,34.0,descending,268.596
59.0,34.25,descending,267.97876
59.0,34.5,descending,266.992
59.0,34.75,descending,267.15363
59.0,35.0,descending,267.22272
59.0,35.25,descending,267.377
59.0,35.5,descending,267.55698
59.0,35.75,descending,267.40182
59.0,36.0,descending,267.36816
59.0,36.25,descending,267.23816
59.0,36.5,descending,266.84998
59.0,36.75,descending,265.86444
59.0,37.0,descending,264.2411
59.0,37.25,descending,260.8658
59.0,37.5,descending,255.72636
59.0,37.75,descending,249.116
59.0,38.0,descending,245.16667
59.25,-13.0,descending,192.64
59.25,-12.75,descending,192.95
59.25,-12.5,descending,193.398
59.25,-12.25,descending,192.61
59.25,-12.0,descending,191.63199
59.25,-11.75,descending,190.634
59.25,-11.5,descending,190.325
59.25,-11.25,descending,190.62572
59.25,-11.0,descending,191.21799
59.25,-10.75,descending,191.964
59.25,-10.5,descending,192.608
59.25,-10.25,descending,192.35857
59.25,-10.0,descending,191.18
59.25,-9.75,descending,189.91
59.25,-9.5,descending,189.2615
59.25,-9.25,descending,188.74562
59.25,-9.0,descending,188.39777
59.25,-8.75,descending,188.11533
59.25,-8.5,descending,188.02176
59.25,-8.25,descending,188.282
59.25,-8.0,descending,188.57143
59.25,-7.75,descending,188.44357
59.25,-7.5,descending,188.97198
59.25,-7.25,descending,188.95213
59.25,-7.0,descending,188.86133
59.25,-6.75,descending,188.41687
59.25,-6.5,descending,187.6947
59.25,-6.25,descending,187.21124
59.25,-6.0,descending,187.02284
59.25,-5.75,descending,187.09
59.25,-5.5,descending,187.20221
59.25,-5.25,descending,187.325
59.25,-5.0,descending,187.5518
59.25,-4.75,descending,187.7847
59.25,-4.5,descending,187.61223
59.25,-4.25,descending,187.758
59.25,-4.0,descending,188.89832
59.25,-3.75,descending,190.17499
59.25,-3.5,descending,194.78
59.25,-3.25,descending,199.98
59.25,-3.0,descending,206.16199
59.25,-2.75,descending,206.58499
59.25,-2.5,descending,201.27
59.25,-2.25,descending,195.64749
59.25,-2.0,descending,191.03
59.25,-1.75,descending,188.965
59.25,-1.5,descending,188.43399
59.25,-1.25,descending,188.16833
59.25,-1.0,descending,188.006
59.25,-0.75,descending,187.825
59.25,-0.5,descending,187.73499
59.25,-0.25,descending,187.7875
59.25,-0.0,descending,185.99222
59.25,0.25,descending,187.702
59.25,0.5,descending,187.56
59.25,0.75,descending,187.45999
59.25,1.0,descending,187.384
59.25,1.25,descending,187.37999
59.25,1.5,descending,187.3725
59.25,1.75,descending,187.234
59.25,2.0,descending,186.98749
59.25,2.25,descending,186.685
59.25,2.5,descending,186.1975
59.25,2.75,descending,186.05399
59.25,3.0,descending,186.09999
59.25,3.25,descending,186.19499
59.25,3.5,descending,186.2825
59.25,3.75,descending,186.2475
59.25,4.0,descending,186.29749
59.25,4.25,descending,186.51
59.25,4.5,descending,187.9175
59.25,4.75,descending,190.694
59.25,5.0,descending,197.38
59.25,5.25,descending,206.11198
59.25,5.5,descending,215.83
59.25,5.75,descending,227.56999
59.25,6.0,descending,241.73665
59.25,6.25,descending,251.8675
59.25,6.5,descending,256.12332
59.25,6.75,descending,258.224
59.25,7.0,descending,258.948
59.25,7.25,descending,259.3475
59.25,7.5,descending,259.81998
59.25,7.75,descending,260.044
59.25,8.0,descending,260.21198
59.25,8.25,descending,260.5675
59.25,8.5,descending,261.78165
59.25,8.75,descending,263.15332
59.25,9.0,descending,260.64667
59.25,9.25,descending,257.91498
59.25,9.5,descending,251.174
59.25,9.75,descending,245.422
59.25,10.0,descending,233.84799
59.25,10.25,descending,225.65
59.25,10.5,descending,220.72
59.25,10.75,descending,225.856
59.25,11.0,descending,241.65201
59.25,11.25,descending,254.68399
59.25,11.5,descending,263.08398
59.25,11.75,descending,263.8925
59.25,12.0,descending,262.13
59.25,12.25,descending,257.17197
59.25,12.5,descending,248.36333
59.25,12.75,descending,239.9975
59.25,13.0,descending,232.59799
59.25,13.25,descending,224.548
59.25,13.5,descending,224.48428
59.25,13.75,descending,235.14499
59.25,14.0,descending,248.996
59.25,14.25,descending,257.344
59.25,14.5,descending,263.975
59.25,14.75,descending,266.61667
59.25,15.0,descending,267.1825
59.25,15.25,descending,266.1925
59.25,15.5,descending,264.30313
59.25,15.75,descending,262.68823
59.25,16.0,descending,262.68124
59.25,16.25,descending,263.60715
59.25,16.5,descending,263.71625
59.25,16.75,descending,262.76358
59.25,17.0,descending,259.84714
59.25,17.25,descending,255.38928
59.25,17.5,descending,253.06133
59.25,17.75,descending,248.59071
59.25,18.0,descending,241.62646
59.25,18.25,descending,231.65749
59.25,18.5,descending,218.42444
59.25,18.75,descending,208.20866
59.25,19.0,descending,199.67874
59.25,19.25,descending,193.86111
59.25,19.5,descending,192.49176
59.25,19.75,descending,191.3238
59.25,20.0,descending,191.10236
59.25,20.25,descending,190.7
59.25,20.5,descending,189.93799
59.25,20.75,descending,189.752
59.25,21.0,descending,189.70999
59.25,21.25,descending,189.89499
59.25,21.5,descending,190.036
59.25,21.75,descending,190.52333
59.25,22.0,descending,191.862
59.25,22.25,descending,195.815
59.25,22.5,descending,200.36499
59.25,22.75,descending,206.56166
59.25,23.0,descending,212.03667
59.25,23.25,descending,214.37334
59.25,23.5,descending,222.04599
59.25,23.75,descending,238.3675
59.25,24.0,descending,248.6825
59.25,24.25,descending,257.375
59.25,24.5,descending,265.93
59.25,24.75,descending,267.13
59.25,25.0,descending,267.94
59.25,25.25,descending,269.99
59.25,25.5,descending,269.10797
59.25,25.75,descending,270.13998
59.25,26.0,descending,268.97998
59.25,26.25,descending,267.97998
59.25,26.5,descending,266.2125
59.25,26.75,descending,264.18597
59.25,27.0,descending,257.58798
59.25,27.25,descending,251.08667
59.25,27.5,descending,244.25998
59.25,27.75,descending,246.5
59.25,28.0,descending,253.75
59.25,28.25,descending,261.82333
59.25,28.5,descending,267.44598
59.25,28.75,descending,268.83334
59.25,29.0,descending,272.68237
59.25,29.25,descending,273.2494
59.25,29.5,descending,272.694
59.25,29.75,descending,272.82355
59.25,30.0,descending,272.49786
59.25,30.25,descending,271.28384
59.25,30.5,descending,271.3643
59.25,30.75,descending,271.828
59.25,31.0,descending,271.35583
59.25,31.25,descending,270.3375
59.25,31.5,descending,270.57092
59.25,31.75,descending,269.46222
59.25,32.0,descending,270.37308
59.25,32.25,descending,270.49728
59.25,32.5,descending,271.58
59.25,32.75,descending,271.53302
59.25,33.0,descending,271.08728
59.25,33.25,descending,270.8309
59.25,33.5,descending,270.20636
59.25,33.75,descending,269.37778
59.25,34.0,descending,268.39365
59.25,34.25,descending,267.45502
59.25,34.5,descending,267.60498
59.25,34.75,descending,267.39374
59.25,35.0,descending,267.024
59.25,35.25,descending,267.16223
59.25,35.5,descending,267.023
59.25,35.75,descending,266.83728
59.25,36.0,descending,266.7111
59.25,36.25,descending,266.34
59.25,36.5,descending,265.87
59.25,36.75,descending,265.41223
59.25,37.0,descending,265.06
59.25,37.25,descending,263.654
59.25,37.5,descending,260.62625
59.25,37.75,descending,256.78113
59.25,38.0,descending,255.24199
59.5,-13.0,descending,193.465
59.5,-12.75,descending,194.022
59.5,-12.5,descending,194.436
59.5,-12.25,descending,194.1
59.5,-12.0,descending,192.808
59.5,-11.75,descending,191.86
59.5,-11.5,descending,191.21799
59.5,-11.25,descending,191.34833
59.5,-11.0,descending,191.506
59.5,-10.75,descending,191.55165
59.5,-10.5,descending,191.334
59.5,-10.25,descending,191.064
59.5,-10.0,descending,190.71375
59.5,-9.75,descending,189.91624
59.5,-9.5,descending,189.84549
59.5,-9.25,descending,189.36278
59.5,-9.0,descending,189.22705
59.5,-8.75,descending,188.636
59.5,-8.5,descending,188.67688
59.5,-8.25,descending,188.14265
59.5,-8.0,descending,187.98999
59.5,-7.75,descending,187.74715
59.5,-7.5,descending,187.75398
59.5,-7.25,descending,187.68062
59.5,-7.0,descending,187.84154
59.5,-6.75,descending,187.75067
59.5,-6.5,descending,187.67308
59.5,-6.25,descending,187.55667
59.5,-6.0,descending,187.39374
59.5,-5.75,descending,187.38124
59.5,-5.5,descending,187.49062
59.5,-5.25,descending,187.64833
59.5,-5.0,descending,188.05722
59.5,-4.75,descending,188.63434
59.5,-4.5,descending,188.9005
59.5,-4.25,descending,188.72899
59.5,-4.0,descending,188.078
59.5,-3.75,descending,188.566
59.5,-3.5,descending,189.90599
59.5,-3.25,descending,191.795
59.5,-3.0,descending,193.996
59.5,-2.75,descending,197.63666
59.5,-2.5,descending,196.456
59.5,-2.25,descending,194.01999
59.5,-2.0,descending,191.88199
59.5,-1.75,descending,189.832
59.5,-1.5,descending,188.95999
59.5,-1.25,descending,188.51
59.5,-1.0,descending,188.16199
59.5,-0.75,descending,188.04599
59.5,-0.5,descending,187.894
59.5,-0.25,descending,187.68799
59.5,-0.0,descending,186.1225
59.5,0.25,descending,187.6075
59.5,0.5,descending,187.58499
59.5,0.75,descending,187.5425
59.5,1.0,descending,187.45401
59.5,1.25,descending,187.4325
59.5,1.5,descending,187.356
59.5,1.75,descending,187.288
59.5,2.0,descending,187.20999
59.5,2.25,descending,187.03
59.5,2.5,descending,186.76799
59.5,2.75,descending,186.4625
59.5,3.0,descending,186.372
59.5,3.25,descending,186.43199
59.5,3.5,descending,186.51749
59.5,3.75,descending,186.564
59.5,4.0,descending,186.58499
59.5,4.25,descending,186.914
59.5,4.5,descending,188.2275
59.5,4.75,descending,193.6
59.5,5.0,descending,203.142
59.5,5.25,descending,214.34666
59.5,5.5,descending,226.548
59.5,5.75,descending,232.48799
59.5,6.0,descending,243.81999
59.5,6.25,descending,251.13199
59.5,6.5,descending,256.876
59.5,6.75,descending,259.20667
59.5,7.0,descending,260.466
59.5,7.25,descending,260.44598
59.5,7.5,descending,260.476
59.5,7.75,descending,260.55667
59.5,8.0,descending,260.852
59.5,8.25,descending,261.108
59.5,8.5,descending,262.37598
59.5,8.75,descending,264.1725
59.5,9.0,descending,265.056
59.5,9.25,descending,264.9425
59.5,9.5,descending,263.466
59.5,9.75,descending,260.7275
59.5,10.0,descending,254.872
59.5,10.25,descending,246.9
59.5,10.5,descending,239.694
59.5,10.75,descending,245.91199
59.5,11.0,descending,255.2825
59.5,11.25,descending,262.258
59.5,11.5,descending,265.1175
59.5,11.75,descending,264.916
59.5,12.0,descending,263.814
59.5,12.25,descending,260.81998
59.5,12.5,descending,257.89398
59.5,12.75,descending,252.53598
59.5,13.0,descending,246.97249
59.5,13.25,descending,241.98398
59.5,13.5,descending,241.30998
59.5,13.75,descending,246.42
59.5,14.0,descending,256.53748
59.5,14.25,descending,262.475
59.5,14.5,descending,265.92142
59.5,14.75,descending,267.762
59.5,15.0,descending,267.91183
59.5,15.25,descending,267.78
59.5,15.5,descending,266.132
59.5,15.75,descending,265.19733
59.5,16.0,descending,265.16498
59.5,16.25,descending,263.88858
59.5,16.5,descending,263.02142
59.5,16.75,descending,261.70248
59.5,17.0,descending,259.93268
59.5,17.25,descending,257.5975
59.5,17.5,descending,255.65572
59.5,17.75,descending,255.75713
59.5,18.0,descending,252.02437
59.5,18.25,descending,244.78665
59.5,18.5,descending,234.13866
59.5,18.75,descending,222.072
59.5,19.0,descending,207.75
59.5,19.25,descending,199.98999
59.5,19.5,descending,194.72055
59.5,19.75,descending,192.60843
59.5,20.0,descending,191.89273
59.5,20.25,descending,191.78
59.5,20.5,descending,191.36
59.5,20.75,descending,190.48398
59.5,21.0,descending,190.49834
59.5,21.25,descending,190.596
59.5,21.5,descending,190.818
59.5,21.75,descending,191.18199
59.5,22.0,descending,192.16399
59.5,22.25,descending,192.82199
59.5,22.5,descending,195.30165
59.5,22.75,descending,198.34499
59.5,23.0,descending,199.946
59.5,23.25,descending,202.456
59.5,23.5,descending,205.99199
59.5,23.75,descending,210.90201
59.5,24.0,descending,224.18799
59.5,24.25,descending,232.498
59.5,24.5,descending,238.68999
59.5,24.75,descending,250.26749
59.5,25.0,descending,247.522
59.5,25.25,descending,253.068
59.5,25.5,descending,255.92
59.5,25.75,descending,257.58002
59.5,26.0,descending,258.1275
59.5,26.25,descending,252.95
59.5,26.5,descending,253.535
59.5,26.75,descending,246.29498
59.5,27.0,descending,245.926
59.5,27.25,descending,239.026
59.5,27.5,descending,238.30249
59.5,27.75,descending,239.156
59.5,28.0,descending,247.4075
59.5,28.25,descending,255.18799
59.5,28.5,descending,262.805
59.5,28.75,descending,265.57797
59.5,29.0,descending,270.66385
59.5,29.25,descending,271.1089
59.5,29.5,descending,271.95535
59.5,29.75,descending,271.834
59.5,30.0,descending,271.402
59.5,30.25,descending,271.26834
59.5,30.5,descending,271.77536
59.5,30.75,descending,271.1546
59.5,31.0,descending,271.6175
59.5,31.25,descending,270.65582
59.5,31.5,descending,270.73
59.5,31.75,descending,270.67273
59.5,32.0,descending,270.298
59.5,32.25,descending,270.11633
59.5,32.5,descending,271.09924
59.5,32.75,descending,271.15997
59.5,33.0,descending,271.18698
59.5,33.25,descending,270.5209
59.5,33.5,descending,270.416
59.5,33.75,descending,269.4009
59.5,34.0,descending,268.0282
59.5,34.25,descending,268.097
59.5,34.5,descending,267.23544
59.5,34.75,descending,266.87665
59.5,35.0,descending,266.775
59.5,35.25,descending,266.52365
59.5,35.5,descending,266.479
59.5,35.75,descending,266.622
59.5,36.0,descending,266.56
59.5,36.25,descending,266.284
59.5,36.5,descending,266.0
59.5,36.75,descending,265.93582
59.5,37.0,descending,266.163
59.5,37.25,descending,266.09
59.5,37.5,descending,265.14725
59.5,37.75,descending,263.279
59.5,38.0,descending,262.675
59.75,-13.0,descending,194.1
59.75,-12.75,descending,194.38998
59.75,-12.5,descending,194.856
59.75,-12.25,descending,194.685
59.75,-12.0,descending,194.04
59.75,-11.75,descending,193.28598
59.75,-11.5,descending,193.10599
59.75,-11.25,descending,193.14667
59.75,-11.0,descending,193.312
59.75,-10.75,descending,193.1675
59.75,-10.5,descending,192.788
59.75,-10.25,descending,192.918
59.75,-10.0,descending,193.68166
59.75,-9.75,descending,193.43666
59.75,-9.5,descending,193.16943
59.75,-9.25,descending,192.82579
59.75,-9.0,descending,192.60176
59.75,-8.75,descending,192.02562
59.75,-8.5,descending,191.46643
59.75,-8.25,descending,190.616
59.75,-8.0,descending,189.88213
59.75,-7.75,descending,189.28812
59.75,-7.5,descending,188.76833
59.75,-7.25,descending,189.07065
59.75,-7.0,descending,188.56642
59.75,-6.75,descending,188.9923
59.75,-6.5,descending,188.76938
59.75,-6.25,descending,188.87306
59.75,-6.0,descending,188.87929
59.75,-5.75,descending,189.13133
59.75,-5.5,descending,189.09642
59.75,-5.25,descending,189.75865
59.75,-5.0,descending,189.90352
59.75,-4.75,descending,190.2925
59.75,-4.5,descending,190.31105
59.75,-4.25,descending,190.3555
59.75,-4.0,descending,189.93166
59.75,-3.75,descending,188.93666
59.75,-3.5,descending,188.972
59.75,-3.25,descending,189.17499
59.75,-3.0,descending,189.5725
59.75,-2.75,descending,190.55
59.75,-2.5,descending,190.838
59.75,-2.25,descending,191.405
59.75,-2.0,descending,191.255
59.75,-1.75,descending,191.19666
59.75,-1.5,descending,190.79999
59.75,-1.25,descending,190.0
59.75,-1.0,descending,189.524
59.75,-0.75,descending,188.7225
59.75,-0.5,descending,188.5
59.75,-0.25,descending,188.2775
59.75,-0.0,descending,187.14
59.75,0.25,descending,188.01749
59.75,0.5,descending,187.898
59.75,0.75,descending,187.97
59.75,1.0,descending,187.86499
59.75,1.25,descending,187.62666
59.75,1.5,descending,187.59999
59.75,1.75,descending,187.374
59.75,2.0,descending,187.3225
59.75,2.25,descending,187.2375
59.75,2.5,descending,187.155
59.75,2.75,descending,186.94
59.75,3.0,descending,186.81999
59.75,3.25,descending,186.84001
59.75,3.5,descending,186.97333
59.75,3.75,descending,187.07666
59.75,4.0,descending,187.21832
59.75,4.25,descending,187.51
59.75,4.5,descending,189.562
59.75,4.75,descending,194.53667
59.75,5.0,descending,205.5025
59.75,5.25,descending,218.498
59.75,5.5,descending,231.37334
59.75,5.75,descending,240.842
59.75,6.0,descending,247.31
59.75,6.25,descending,253.07332
59.75,6.5,descending,257.86
59.75,6.75,descending,260.206
59.75,7.0,descending,261.65665
59.75,7.25,descending,261.71
59.75,7.5,descending,261.308
59.75,7.75,descending,260.744
59.75,8.0,descending,260.75333
59.75,8.25,descending,261.44748
59.75,8.5,descending,262.6
59.75,8.75,descending,264.43
59.75,9.0,descending,266.142
59.75,9.25,descending,267.0075
59.75,9.5,descending,267.45667
59.75,9.75,descending,266.22247
59.75,10.0,descending,263.14398
59.75,10.25,descending,256.654
59.75,10.5,descending,253.676
59.75,10.75,descending,256.65
59.75,11.0,descending,261.818
59.75,11.25,descending,265.5625
59.75,11.5,descending,266.886
59.75,11.75,descending,266.97
59.75,12.0,descending,265.896
59.75,12.25,descending,264.706
59.75,12.5,descending,262.962
59.75,12.75,descending,260.885
59.75,13.0,descending,258.768
59.75,13.25,descending,257.255
59.75,13.5,descending,258.17834
59.75,13.75,descending,260.72165
59.75,14.0,descending,262.844
59.75,14.25,descending,264.925
59.75,14.5,descending,266.13
59.75,14.75,descending,267.3457
59.75,15.0,descending,268.04572
59.75,15.25,descending,268.4928
59.75,15.5,descending,268.89062
59.75,15.75,descending,268.77722
59.75,16.0,descending,269.22
59.75,16.25,descending,268.28998
59.75,16.5,descending,267.40936
59.75,16.75,descending,266.48615
59.75,17.0,descending,264.73
59.75,17.25,descending,264.34232
59.75,17.5,descending,262.85266
59.75,17.75,descending,263.44
59.75,18.0,descending,261.0823
59.75,18.25,descending,257.02286
59.75,18.5,descending,244.41937
59.75,18.75,descending,230.27417
59.75,19.0,descending,216.39587
59.75,19.25,descending,205.11214
59.75,19.5,descending,197.61998
59.75,19.75,descending,194.32881
59.75,20.0,descending,193.79167
59.75,20.25,descending,193.85562
59.75,20.5,descending,194.08713
59.75,20.75,descending,194.245
59.75,21.0,descending,192.68999
59.75,21.25,descending,193.08
59.75,21.5,descending,193.57999
59.75,21.75,descending,194.392
59.75,22.0,descending,196.48999
59.75,22.25,descending,197.834
59.75,22.5,descending,199.876
59.75,22.75,descending,202.484
59.75,23.0,descending,206.075
59.75,23.25,descending,205.554
59.75,23.5,descending,202.9175
59.75,23.75,descending,203.87999
59.75,24.0,descending,203.43399
59.75,24.25,descending,208.02249
59.75,24.5,descending,211.0675
59.75,24.75,descending,218.56999
59.75,25.0,descending,219.9325
59.75,25.25,descending,219.5325
59.75,25.5,descending,229.62
59.75,25.75,descending,225.76999
59.75,26.0,descending,234.0975
59.75,26.25,descending,226.582
59.75,26.5,descending,227.9025
59.75,26.75,descending,222.20749
59.75,27.0,descending,218.396
59.75,27.25,descending,211.40666
59.75,27.5,descending,212.77333
59.75,27.75,descending,218.70667
59.75,28.0,descending,222.32199
59.75,28.25,descending,234.595
59.75,28.5,descending,243.92
59.75,28.75,descending,255.54
59.75,29.0,descending,261.8923
59.75,29.25,descending,263.15933
59.75,29.5,descending,265.55115
59.75,29.75,descending,265.79074
59.75,30.0,descending,267.09213
59.75,30.25,descending,267.06665
59.75,30.5,descending,267.95538
59.75,30.75,descending,267.48306
59.75,31.0,descending,266.2375
59.75,31.25,descending,269.04
59.75,31.5,descending,267.86545
59.75,31.75,descending,268.63916
59.75,32.0,descending,269.487
59.75,32.25,descending,269.943
59.75,32.5,descending,270.40182
59.75,32.75,descending,269.455
59.75,33.0,descending,270.75223
59.75,33.25,descending,270.32748
59.75,33.5,descending,269.69818
59.75,33.75,descending,269.044
59.75,34.0,descending,269.083
59.75,34.25,descending,267.916
59.75,34.5,descending,267.14398
59.75,34.75,descending,266.448
59.75,35.0,descending,266.07452
59.75,35.25,descending,266.03857
59.75,35.5,descending,266.2375
59.75,35.75,descending,266.44
59.75,36.0,descending,266.56775
59.75,36.25,descending,266.31223
59.75,36.5,descending,265.9009
59.75,36.75,descending,265.6811
59.75,37.0,descending,265.41223
59.75,37.25,descending,265.55777
59.75,37.5,descending,264.595
59.75,37.75,descending,263.80554
59.75,38.0,descending,262.87
60.0,-13.0,descending,194.52998
60.0,-12.75,descending,194.79199
60.0,-12.5,descending,194.9
60.0,-12.25,descending,194.868
60.0,-12.0,descending,194.785
60.0,-11.75,descending,194.93399
60.0,-11.5,descending,195.53333
60.0,-11.25,descending,195.9157
60.0,-11.0,descending,196.04
60.0,-10.75,descending,196.05399
60.0,-10.5,descending,196.004
60.0,-10.25,descending,196.79668
60.0,-10.0,descending,196.99399
60.0,-9.75,descending,197.40332
60.0,-9.5,descending,196.16411
60.0,-9.25,descending,195.47937
60.0,-9.0,descending,195.18562
60.0,-8.75,descending,194.68666
60.0,-8.5,descending,193.93733
60.0,-8.25,descending,193.38785
60.0,-8.0,descending,192.666
60.0,-7.75,descending,192.66934
60.0,-7.5,descending,192.08665
60.0,-7.25,descending,192.4407
60.0,-7.0,descending,192.01643
60.0,-6.75,descending,191.91075
60.0,-6.5,descending,191.84215
60.0,-6.25,descending,191.84
60.0,-6.0,descending,191.64784
60.0,-5.75,descending,191.83063
60.0,-5.5,descending,191.7475
60.0,-5.25,descending,191.90067
60.0,-5.0,descending,191.48868
60.0,-4.75,descending,191.41562
60.0,-4.5,descending,190.98444
60.0,-4.25,descending,190.84612
60.0,-4.0,descending,190.5855
60.0,-3.75,descending,190.36667
60.0,-3.5,descending,189.36287
60.0,-3.25,descending,188.85999
60.0,-3.0,descending,188.77167
60.0,-2.75,descending,188.95
60.0,-2.5,descending,189.15799
60.0,-2.25,descending,190.245
60.0,-2.0,descending,191.68199
60.0,-1.75,descending,193.84
60.0,-1.5,descending,196.578
60.0,-1.25,descending,194.6625
60.0,-1.0,descending,194.146
60.0,-0.75,descending,191.075
60.0,-0.5,descending,189.35
60.0,-0.25,descending,188.8575
60.0,-0.0,descending,187.47
60.0,0.25,descending,188.5325
60.0,0.5,descending,188.62834
60.0,0.75,descending,188.715
60.0,1.0,descending,188.7625
60.0,1.25,descending,188.41599
60.0,1.5,descending,188.34
60.0,1.75,descending,187.866
60.0,2.0,descending,187.745
60.0,2.25,descending,187.495
60.0,2.5,descending,187.4625
60.0,2.75,descending,187.334
60.0,3.0,descending,187.2425
60.0,3.25,descending,187.22
60.0,3.5,descending,187.38332
60.0,3.75,descending,187.52798
60.0,4.0,descending,187.83333
60.0,4.25,descending,188.35399
60.0,4.5,descending,190.0425
60.0,4.75,descending,196.228
60.0,5.0,descending,205.935
60.0,5.25,descending,221.344
60.0,5.5,descending,233.43001
60.0,5.75,descending,241.20667
60.0,6.0,descending,248.196
60.0,6.25,descending,254.53198
60.0,6.5,descending,259.19
60.0,6.75,descending,261.37997
60.0,7.0,descending,262.83398
60.0,7.25,descending,262.9525
60.0,7.5,descending,262.75748
60.0,7.75,descending,261.568
60.0,8.0,descending,260.66
60.0,8.25,descending,260.965
60.0,8.5,descending,262.16998
60.0,8.75,descending,263.766
60.0,9.0,descending,265.45752
60.0,9.25,descending,266.94
60.0,9.5,descending,267.82797
60.0,9.75,descending,267.155
60.0,10.0,descending,264.47333
60.0,10.25,descending,261.632
60.0,10.5,descending,260.255
60.0,10.75,descending,261.702
60.0,11.0,descending,264.846
60.0,11.25,descending,266.848
60.0,11.5,descending,268.05
60.0,11.75,descending,268.32
60.0,12.0,descending,267.916
60.0,12.25,descending,267.185
60.0,12.5,descending,266.69598
60.0,12.75,descending,265.87668
60.0,13.0,descending,265.335
60.0,13.25,descending,265.22998
60.0,13.5,descending,265.93997
60.0,13.75,descending,266.6625
60.0,14.0,descending,266.56
60.0,14.25,descending,266.53333
60.0,14.5,descending,266.94998
60.0,14.75,descending,267.68597
60.0,15.0,descending,267.95624
60.0,15.25,descending,268.38
60.0,15.5,descending,268.46445
60.0,15.75,descending,268.94333
60.0,16.0,descending,269.18106
60.0,16.25,descending,269.8814
60.0,16.5,descending,270.10266
60.0,16.75,descending,270.14438
60.0,17.0,descending,270.33572
60.0,17.25,descending,269.9107
60.0,17.5,descending,270.15067
60.0,17.75,descending,269.47614
60.0,18.0,descending,266.87198
60.0,18.25,descending,260.8123
60.0,18.5,descending,249.35786
60.0,18.75,descending,235.65332
60.0,19.0,descending,220.34
60.0,19.25,descending,208.148
60.0,19.5,descending,203.61389
60.0,19.75,descending,202.85922
60.0,20.0,descending,202.70235
60.0,20.25,descending,201.7942
60.0,20.5,descending,199.95058
60.0,20.75,descending,199.62045
60.0,21.0,descending,200.51428
60.0,21.25,descending,199.57748
60.0,21.5,descending,200.75499
60.0,21.75,descending,202.90399
60.0,22.0,descending,205.382
60.0,22.25,descending,209.63599
60.0,22.5,descending,214.632
60.0,22.75,descending,219.198
60.0,23.0,descending,221.32999
60.0,23.25,descending,227.354
60.0,23.5,descending,224.92168
60.0,23.75,descending,219.124
60.0,24.0,descending,219.785
60.0,24.25,descending,210.23398
60.0,24.5,descending,209.762
60.0,24.75,descending,207.892
60.0,25.0,descending,206.126
60.0,25.25,descending,205.2425
60.0,25.5,descending,206.04199
60.0,25.75,descending,206.3125
60.0,26.0,descending,206.78398
60.0,26.25,descending,205.855
60.0,26.5,descending,204.272
60.0,26.75,descending,202.52249
60.0,27.0,descending,198.415
60.0,27.25,descending,197.5575
60.0,27.5,descending,193.662
60.0,27.75,descending,197.354
60.0,28.0,descending,198.11249
60.0,28.25,descending,208.5125
60.0,28.5,descending,215.4375
60.0,28.75,descending,231.376
60.0,29.0,descending,240.38249
60.0,29.25,descending,242.57175
60.0,29.5,descending,246.53
60.0,29.75,descending,249.56749
60.0,30.0,descending,253.25357
60.0,30.25,descending,256.9943
60.0,30.5,descending,258.28143
60.0,30.75,descending,257.43582
60.0,31.0,descending,253.81363
60.0,31.25,descending,253.01416
60.0,31.5,descending,253.98083
60.0,31.75,descending,257.2991
60.0,32.0,descending,262.01544
60.0,32.25,descending,263.5418
60.0,32.5,descending,265.388
60.0,32.75,descending,267.98453
60.0,33.0,descending,268.68182
60.0,33.25,descending,269.175
60.0,33.5,descending,269.84778
60.0,33.75,descending,269.25092
60.0,34.0,descending,268.9691
60.0,34.25,descending,268.284
60.0,34.5,descending,267.862
60.0,34.75,descending,266.54
60.0,35.0,descending,265.7489
60.0,35.25,descending,265.4609
60.0,35.5,descending,265.782
60.0,35.75,descending,266.1322
60.0,36.0,descending,266.382
60.0,36.25,descending,266.1418
60.0,36.5,descending,265.2
60.0,36.75,descending,263.78125
60.0,37.0,descending,261.267
60.0,37.25,descending,257.69
60.0,37.5,descending,256.201
60.0,37.75,descending,255.3725
60.0,38.0,descending,257.732
60.25,-13.0,descending,194.79999
60.25,-12.75,descending,195.09
60.25,-12.5,descending,195.11
60.25,-12.25,descending,195.0975
60.25,-12.0,descending,195.272
60.25,-11.75,descending,195.926
60.25,-11.5,descending,196.896
60.25,-11.25,descending,198.01399
60.25,-11.0,descending,198.23999
60.25,-10.75,descending,198.3375
60.25,-10.5,descending,198.386
60.25,-10.25,descending,198.8425
60.25,-10.0,descending,199.21
60.25,-9.75,descending,199.082
60.25,-9.5,descending,198.86693
60.25,-9.25,descending,197.93474
60.25,-9.0,descending,197.23688
60.25,-8.75,descending,196.48601
60.25,-8.5,descending,195.706
60.25,-8.25,descending,195.54875
60.25,-8.0,descending,195.32462
60.25,-7.75,descending,195.52538
60.25,-7.5,descending,195.71143
60.25,-7.25,descending,195.61215
60.25,-7.0,descending,195.34583
60.25,-6.75,descending,194.93134
60.25,-6.5,descending,194.51308
60.25,-6.25,descending,193.86665
60.25,-6.0,descending,193.76466
60.25,-5.75,descending,193.22691
60.25,-5.5,descending,192.98538
60.25,-5.25,descending,192.45071
60.25,-5.0,descending,192.06686
60.25,-4.75,descending,191.35928
60.25,-4.5,descending,190.79236
60.25,-4.25,descending,190.4394
60.25,-4.0,descending,190.20352
60.25,-3.75,descending,190.30841
60.25,-3.5,descending,190.07999
60.25,-3.25,descending,189.02713
60.25,-3.0,descending,188.262
60.25,-2.75,descending,188.2925
60.25,-2.5,descending,188.58798
60.25,-2.25,descending,189.9625
60.25,-2.0,descending,193.41599
60.25,-1.75,descending,198.344
60.25,-1.5,descending,203.39
60.25,-1.25,descending,203.906
60.25,-1.0,descending,198.89749
60.25,-0.75,descending,196.02332
60.25,-0.5,descending,191.226
60.25,-0.25,descending,189.27332
60.25,-0.0,descending,187.95874
60.25,0.25,descending,188.83
60.25,0.5,descending,189.19499
60.25,0.75,descending,189.54749
60.25,1.0,descending,189.70401
60.25,1.25,descending,189.61249
60.25,1.5,descending,189.4625
60.25,1.75,descending,188.94199
60.25,2.0,descending,188.51
60.25,2.25,descending,188.178
60.25,2.5,descending,187.92
60.25,2.75,descending,187.8
60.25,3.0,descending,187.575
60.25,3.25,descending,187.565
60.25,3.5,descending,187.65
60.25,3.75,descending,187.88249
60.25,4.0,descending,188.276
60.25,4.25,descending,189.42499
60.25,4.5,descending,192.616
60.25,4.75,descending,200.23749
60.25,5.0,descending,213.1825
60.25,5.25,descending,224.46333
60.25,5.5,descending,236.66249
60.25,5.75,descending,242.79599
60.25,6.0,descending,248.51332
60.25,6.25,descending,253.668
60.25,6.5,descending,257.66248
60.25,6.75,descending,261.16666
60.25,7.0,descending,263.154
60.25,7.25,descending,264.185
60.25,7.5,descending,264.1625
60.25,7.75,descending,262.8825
60.25,8.0,descending,261.8975
60.25,8.25,descending,261.41998
60.25,8.5,descending,262.21
60.25,8.75,descending,263.93
60.25,9.0,descending,265.29248
60.25,9.25,descending,266.572
60.25,9.5,descending,267.32
60.25,9.75,descending,266.924
60.25,10.0,descending,265.27
60.25,10.25,descending,263.84
60.25,10.5,descending,263.62997
60.25,10.75,descending,264.84198
60.25,11.0,descending,266.1575
60.25,11.25,descending,267.418
60.25,11.5,descending,268.485
60.25,11.75,descending,268.996
60.25,12.0,descending,269.0075
60.25,12.25,descending,268.78
60.25,12.5,descending,268.8025
60.25,12.75,descending,269.042
60.25,13.0,descending,268.68997
60.25,13.25,descending,268.43997
60.25,13.5,descending,268.3175
60.25,13.75,descending,268.148
60.25,14.0,descending,268.09
60.25,14.25,descending,268.192
60.25,14.5,descending,268.12997
60.25,14.75,descending,268.215
60.25,15.0,descending,267.886
60.25,15.25,descending,267.91235
60.25,15.5,descending,267.93875
60.25,15.75,descending,268.18472
60.25,16.0,descending,268.52286
60.25,16.25,descending,268.91998
60.25,16.5,descending,269.18857
60.25,16.75,descending,269.20355
60.25,17.0,descending,269.49713
60.25,17.25,descending,269.45538
60.25,17.5,descending,269.25928
60.25,17.75,descending,267.15286
60.25,18.0,descending,263.31
60.25,18.25,descending,252.82927
60.25,18.5,descending,241.9669
60.25,18.75,descending,224.18614
60.25,19.0,descending,211.84799
60.25,19.25,descending,208.98
60.25,19.5,descending,210.22917
60.25,19.75,descending,212.73563
60.25,20.0,descending,212.144
60.25,20.25,descending,209.25
60.25,20.5,descending,205.21317
60.25,20.75,descending,204.26999
60.25,21.0,descending,207.16095
60.25,21.25,descending,211.84065
60.25,21.5,descending,213.40498
60.25,21.75,descending,217.93599
60.25,22.0,descending,220.61333
60.25,22.25,descending,225.795
60.25,22.5,descending,234.856
60.25,22.75,descending,241.778
60.25,23.0,descending,242.526
60.25,23.25,descending,248.94
60.25,23.5,descending,251.82999
60.25,23.75,descending,248.324
60.25,24.0,descending,245.998
60.25,24.25,descending,243.898
60.25,24.5,descending,235.306
60.25,24.75,descending,235.8375
60.25,25.0,descending,223.106
60.25,25.25,descending,223.005
60.25,25.5,descending,217.47667
60.25,25.75,descending,209.40001
60.25,26.0,descending,210.28249
60.25,26.25,descending,203.622
60.25,26.5,descending,202.48
60.25,26.75,descending,198.18
60.25,27.0,descending,196.60999
60.25,27.25,descending,193.64499
60.25,27.5,descending,193.168
60.25,27.75,descending,190.75667
60.25,28.0,descending,192.418
60.25,28.25,descending,196.95999
60.25,28.5,descending,203.662
60.25,28.75,descending,214.635
60.25,29.0,descending,225.885
60.25,29.25,descending,241.11276
60.25,29.5,descending,243.00334
60.25,29.75,descending,246.32332
60.25,30.0,descending,250.49124
60.25,30.25,descending,252.96089
60.25,30.5,descending,252.81845
60.25,30.75,descending,248.47083
60.25,31.0,descending,239.185
60.25,31.25,descending,231.34583
60.25,31.5,descending,227.65273
60.25,31.75,descending,231.717
60.25,32.0,descending,234.38167
60.25,32.25,descending,240.21092
60.25,32.5,descending,250.70665
60.25,32.75,descending,255.20554
60.25,33.0,descending,263.13666
60.25,33.25,descending,266.8578
60.25,33.5,descending,268.66818
60.25,33.75,descending,269.49625
60.25,34.0,descending,269.13666
60.25,34.25,descending,268.84222
60.25,34.5,descending,268.03635
60.25,34.75,descending,266.76498
60.25,35.0,descending,265.701
60.25,35.25,descending,264.99332
60.25,35.5,descending,265.11798
60.25,35.75,descending,265.64
60.25,36.0,descending,266.04
60.25,36.25,descending,265.81
60.25,36.5,descending,265.0722
60.25,36.75,descending,262.877
60.25,37.0,descending,258.31876
60.25,37.25,descending,251.76443
60.25,37.5,descending,245.58667
60.25,37.75,descending,246.34445
60.25,38.0,descending,250.27713
60.5,-13.0,descending,193.87999
60.5,-12.75,descending,194.34799
60.5,-12.5,descending,194.64749
60.5,-12.25,descending,194.566
60.5,-12.0,descending,194.642
60.5,-11.75,descending,195.386
60.5,-11.5,descending,196.228
60.5,-11.25,descending,197.095
60.5,-11.0,descending,197.63332
60.5,-10.75,descending,197.805
60.5,-10.5,descending,197.95
60.5,-10.25,descending,198.226
60.5,-10.0,descending,198.98999
60.5,-9.75,descending,199.515
60.5,-9.5,descending,200.04819
60.5,-9.25,descending,200.07315
60.5,-9.0,descending,199.29941
60.5,-8.75,descending,198.75333
60.5,-8.5,descending,197.79813
60.5,-8.25,descending,197.39285
60.5,-8.0,descending,197.09143
60.5,-7.75,descending,197.01999
60.5,-7.5,descending,196.70166
60.5,-7.25,descending,196.45769
60.5,-7.0,descending,195.90266
60.5,-6.75,descending,195.27748
60.5,-6.5,descending,194.76143
60.5,-6.25,descending,194.06065
60.5,-6.0,descending,193.5807
60.5,-5.75,descending,193.0023
60.5,-5.5,descending,192.50922
60.5,-5.25,descending,191.95152
60.5,-5.0,descending,191.26312
60.5,-4.75,descending,190.63571
60.5,-4.5,descending,190.18785
60.5,-4.25,descending,189.86125
60.5,-4.0,descending,189.7811
60.5,-3.75,descending,189.69
60.5,-3.5,descending,189.86699
60.5,-3.25,descending,189.74142
60.5,-3.0,descending,189.06125
60.5,-2.75,descending,188.35999
60.5,-2.5,descending,188.396
60.5,-2.25,descending,189.258
60.5,-2.0,descending,191.54599
60.5,-1.75,descending,197.472
60.5,-1.5,descending,205.54
60.5,-1.25,descending,209.302
60.5,-1.0,descending,207.44666
60.5,-0.75,descending,199.9975
60.5,-0.5,descending,194.622
60.5,-0.25,descending,190.28
60.5,-0.0,descending,188.12888
60.5,0.25,descending,188.67499
60.5,0.5,descending,189.22
60.5,0.75,descending,189.8875
60.5,1.0,descending,190.51999
60.5,1.25,descending,191.05
60.5,1.5,descending,190.89749
60.5,1.75,descending,190.66249
60.5,2.0,descending,189.698
60.5,2.25,descending,189.4925
60.5,2.5,descending,188.755
60.5,2.75,descending,188.596
60.5,3.0,descending,188.05249
60.5,3.25,descending,188.03
60.5,3.5,descending,187.94331
60.5,3.75,descending,188.21799
60.5,4.0,descending,188.74333
60.5,4.25,descending,190.638
60.5,4.5,descending,195.56999
60.5,4.75,descending,204.04498
60.5,5.0,descending,214.7275
60.5,5.25,descending,231.13399
60.5,5.5,descending,242.0975
60.5,5.75,descending,249.98999
60.5,6.0,descending,252.68999
60.5,6.25,descending,254.21999
60.5,6.5,descending,256.708
60.5,6.75,descending,259.528
60.5,7.0,descending,261.91666
60.5,7.25,descending,263.598
60.5,7.5,descending,264.345
60.5,7.75,descending,264.0525
60.5,8.0,descending,263.046
60.5,8.25,descending,262.37
60.5,8.5,descending,262.575
60.5,8.75,descending,263.4975
60.5,9.0,descending,264.9675
60.5,9.25,descending,265.96
60.5,9.5,descending,266.724
60.5,9.75,descending,266.776
60.5,10.0,descending,265.68198
60.5,10.25,descending,264.622
60.5,10.5,descending,264.71667
60.5,10.75,descending,264.8925
60.5,11.0,descending,265.508
60.5,11.25,descending,266.955
60.5,11.5,descending,268.538
60.5,11.75,descending,269.41748
60.5,12.0,descending,269.678
60.5,12.25,descending,269.7375
60.5,12.5,descending,269.918
60.5,12.75,descending,270.296
60.5,13.0,descending,270.282
60.5,13.25,descending,269.76715
60.5,13.5,descending,269.102
60.5,13.75,descending,268.7475
60.5,14.0,descending,268.642
60.5,14.25,descending,268.5525
60.5,14.5,descending,268.27664
60.5,14.75,descending,267.97
60.5,15.0,descending,267.7075
60.5,15.25,descending,267.84998
60.5,15.5,descending,267.865
60.5,15.75,descending,267.74237
60.5,16.0,descending,267.9631
60.5,16.25,descending,268.05402
60.5,16.5,descending,267.95856
60.5,16.75,descending,266.79
60.5,17.0,descending,265.26642
60.5,17.25,descending,262.24213
60.5,17.5,descending,259.82846
60.5,17.75,descending,250.9
60.5,18.0,descending,245.8
60.5,18.25,descending,233.94916
60.5,18.5,descending,220.394
60.5,18.75,descending,209.64153
60.5,19.0,descending,205.03076
60.5,19.25,descending,204.155
60.5,19.5,descending,205.434
60.5,19.75,descending,207.17384
60.5,20.0,descending,206.23647
60.5,20.25,descending,205.14333
60.5,20.5,descending,204.07266
60.5,20.75,descending,206.23889
60.5,21.0,descending,212.02888
60.5,21.25,descending,220.53398
60.5,21.5,descending,230.776
60.5,21.75,descending,236.79874
60.5,22.0,descending,237.9075
60.5,22.25,descending,244.35498
60.5,22.5,descending,250.56
60.5,22.75,descending,256.26248
60.5,23.0,descending,260.75
60.5,23.25,descending,262.72797
60.5,23.5,descending,263.85
60.5,23.75,descending,263.944
60.5,24.0,descending,261.88998
60.5,24.25,descending,262.67
60.5,24.5,descending,260.174
60.5,24.75,descending,257.77
60.5,25.0,descending,254.41399
60.5,25.25,descending,246.94666
60.5,25.5,descending,249.14
60.5,25.75,descending,237.71799
60.5,26.0,descending,238.8125
60.5,26.25,descending,226.816
60.5,26.5,descending,225.91249
60.5,26.75,descending,218.444
60.5,27.0,descending,213.95
60.5,27.25,descending,209.53398
60.5,27.5,descending,213.4775
60.5,27.75,descending,204.112
60.5,28.0,descending,208.2625
60.5,28.25,descending,205.12749
60.5,28.5,descending,215.1075
60.5,28.75,descending,221.405
60.5,29.0,descending,235.2775
60.5,29.25,descending,255.102
60.5,29.5,descending,259.07056
60.5,29.75,descending,257.64563
60.5,30.0,descending,259.9269
60.5,30.25,descending,256.24857
60.5,30.5,descending,250.63077
60.5,30.75,descending,239.35922
60.5,31.0,descending,228.03583
60.5,31.25,descending,214.8575
60.5,31.5,descending,207.12909
60.5,31.75,descending,205.6846
60.5,32.0,descending,208.23222
60.5,32.25,descending,208.63364
60.5,32.5,descending,220.50415
60.5,32.75,descending,235.56699
60.5,33.0,descending,250.73999
60.5,33.25,descending,259.91998
60.5,33.5,descending,265.5809
60.5,33.75,descending,268.03665
60.5,34.0,descending,268.83362
60.5,34.25,descending,268.18597
60.5,34.5,descending,268.117
60.5,34.75,descending,267.14816
60.5,35.0,descending,266.048
60.5,35.25,descending,265.20334
60.5,35.5,descending,264.60898
60.5,35.75,descending,264.8222
60.5,36.0,descending,265.13364
60.5,36.25,descending,265.3389
60.5,36.5,descending,265.0789
60.5,36.75,descending,264.11798
60.5,37.0,descending,260.652
60.5,37.25,descending,255.64
60.5,37.5,descending,251.18399
60.5,37.75,descending,250.651
60.5,38.0,descending,252.55333
60.75,-13.0,descending,191.89499
60.75,-12.75,descending,192.366
60.75,-12.5,descending,192.98
60.75,-12.25,descending,192.76599
60.75,-12.0,descending,192.81
60.75,-11.75,descending,193.108
60.75,-11.5,descending,193.635
60.75,-11.25,descending,194.18399
60.75,-11.0,descending,194.5425
60.75,-10.75,descending,194.702
60.75,-10.5,descending,195.42833
60.75,-10.25,descending,196.1825
60.75,-10.0,descending,197.178
60.75,-9.75,descending,198.07748
60.75,-9.5,descending,198.04875
60.75,-9.25,descending,197.83736
60.75,-9.0,descending,197.91176
60.75,-8.75,descending,197.54938
60.75,-8.5,descending,197.74399
60.75,-8.25,descending,197.39143
60.75,-8.0,descending,197.07642
60.75,-7.75,descending,196.47833
60.75,-7.5,descending,195.65352
60.75,-7.25,descending,194.87453
60.75,-7.0,descending,194.07924
60.75,-6.75,descending,193.4325
60.75,-6.5,descending,192.77428
60.75,-6.25,descending,192.41249
60.75,-6.0,descending,191.87614
60.75,-5.75,descending,191.78749
60.75,-5.5,descending,190.98999
60.75,-5.25,descending,190.57166
60.75,-5.0,descending,189.98601
60.75,-4.75,descending,189.41214
60.75,-4.5,descending,189.31499
60.75,-4.25,descending,189.2707
60.75,-4.0,descending,189.404
60.75,-3.75,descending,189.50562
60.75,-3.5,descending,189.55374
60.75,-3.25,descending,189.49625
60.75,-3.0,descending,189.42761
60.75,-2.75,descending,189.26
60.75,-2.5,descending,189.15399
60.75,-2.25,descending,189.02249
60.75,-2.0,descending,189.995
60.75,-1.75,descending,191.70999
60.75,-1.5,descending,198.398
60.75,-1.25,descending,203.405
60.75,-1.0,descending,206.20999
60.75,-0.75,descending,204.5375
60.75,-0.5,descending,198.962
60.75,-0.25,descending,192.93333
60.75,-0.0,descending,188.70857
60.75,0.25,descending,189.312
60.75,0.5,descending,189.0475
60.75,0.75,descending,189.71799
60.75,1.0,descending,190.96199
60.75,1.25,descending,192.06334
60.75,1.5,descending,192.6875
60.75,1.75,descending,193.075
60.75,2.0,descending,192.13599
60.75,2.25,descending,191.86
60.75,2.5,descending,190.75
60.75,2.75,descending,190.22333
60.75,3.0,descending,189.13799
60.75,3.25,descending,188.90999
60.75,3.5,descending,188.604
60.75,3.75,descending,189.06
60.75,4.0,descending,189.496
60.75,4.25,descending,191.84666
60.75,4.5,descending,196.74399
60.75,4.75,descending,207.62
60.75,5.0,descending,222.51599
60.75,5.25,descending,237.605
60.75,5.5,descending,248.668
60.75,5.75,descending,254.60999
60.75,6.0,descending,257.85498
60.75,6.25,descending,257.98398
60.75,6.5,descending,258.94333
60.75,6.75,descending,259.4475
60.75,7.0,descending,260.98398
60.75,7.25,descending,262.675
60.75,7.5,descending,263.722
60.75,7.75,descending,263.84198
60.75,8.0,descending,263.4
60.75,8.25,descending,262.97
60.75,8.5,descending,262.93597
60.75,8.75,descending,263.61002
60.75,9.0,descending,264.735
60.75,9.25,descending,265.87668
60.75,9.5,descending,266.69
60.75,9.75,descending,267.0825
60.75,10.0,descending,266.548
60.75,10.25,descending,265.53998
60.75,10.5,descending,264.69598
60.75,10.75,descending,264.06
60.75,11.0,descending,264.45334
60.75,11.25,descending,266.562
60.75,11.5,descending,269.198
60.75,11.75,descending,270.21
60.75,12.0,descending,270.66
60.75,12.25,descending,270.492
60.75,12.5,descending,270.358
60.75,12.75,descending,270.26752
60.75,13.0,descending,270.202
60.75,13.25,descending,269.965
60.75,13.5,descending,269.512
60.75,13.75,descending,268.992
60.75,14.0,descending,268.505
60.75,14.25,descending,267.53998
60.75,14.5,descending,266.2225
60.75,14.75,descending,265.642
60.75,15.0,descending,266.4833
60.75,15.25,descending,267.17874
60.75,15.5,descending,267.46332
60.75,15.75,descending,267.79373
60.75,16.0,descending,268.09296
60.75,16.25,descending,267.98538
60.75,16.5,descending,266.73563
60.75,16.75,descending,263.55692
60.75,17.0,descending,258.08002
60.75,17.25,descending,248.55615
60.75,17.5,descending,238.81667
60.75,17.75,descending,228.91833
60.75,18.0,descending,219.87152
60.75,18.25,descending,210.45384
60.75,18.5,descending,205.16182
60.75,18.75,descending,200.4177
60.75,19.0,descending,196.99356
60.75,19.25,descending,196.78166
60.75,19.5,descending,196.14714
60.75,19.75,descending,196.06232
60.75,20.0,descending,195.18857
60.75,20.25,descending,195.85857
60.75,20.5,descending,198.80267
60.75,20.75,descending,204.05928
60.75,21.0,descending,215.16733
60.75,21.25,descending,229.2447
60.75,21.5,descending,243.83112
60.75,21.75,descending,254.02051
60.75,22.0,descending,257.9775
60.75,22.25,descending,258.41248
60.75,22.5,descending,262.865
60.75,22.75,descending,265.62
60.75,23.0,descending,268.71
60.75,23.25,descending,269.60498
60.75,23.5,descending,268.79498
60.75,23.75,descending,268.034
60.75,24.0,descending,266.61832
60.75,24.25,descending,265.8125
60.75,24.5,descending,266.03998
60.75,24.75,descending,265.7475
60.75,25.0,descending,265.81
60.75,25.25,descending,264.41202
60.75,25.5,descending,263.028
60.75,25.75,descending,261.6925
60.75,26.0,descending,259.2475
60.75,26.25,descending,254.92
60.75,26.5,descending,250.48499
60.75,26.75,descending,249.26999
60.75,27.0,descending,240.235
60.75,27.25,descending,240.11499
60.75,27.5,descending,239.5725
60.75,27.75,descending,233.98499
60.75,28.0,descending,233.98999
60.75,28.25,descending,231.748
60.75,28.5,descending,232.79749
60.75,28.75,descending,239.40201
60.75,29.0,descending,246.29
60.75,29.25,descending,261.30286
60.75,29.5,descending,263.15176
60.75,29.75,descending,261.26358
60.75,30.0,descending,257.1057
60.75,30.25,descending,252.7169
60.75,30.5,descending,240.62416
60.75,30.75,descending,230.19818
60.75,31.0,descending,214.83768
60.75,31.25,descending,204.96544
60.75,31.5,descending,199.512
60.75,31.75,descending,193.86249
60.75,32.0,descending,194.71582
60.75,32.25,descending,197.37666
60.75,32.5,descending,207.86665
60.75,32.75,descending,221.31001
60.75,33.0,descending,237.215
60.75,33.25,descending,251.17334
60.75,33.5,descending,261.172
60.75,33.75,descending,265.61545
60.75,34.0,descending,266.672
60.75,34.25,descending,267.36124
60.75,34.5,descending,266.8625
60.75,34.75,descending,265.662
60.75,35.0,descending,264.82666
60.75,35.25,descending,262.9
60.75,35.5,descending,261.22107
60.75,35.75,descending,260.93777
60.75,36.0,descending,261.4675
60.75,36.25,descending,263.48297
60.75,36.5,descending,264.607
60.75,36.75,descending,264.58142
60.75,37.0,descending,263.69
60.75,37.25,descending,261.33887
60.75,37.5,descending,261.049
60.75,37.75,descending,261.398
60.75,38.0,descending,261.93
61.0,-13.0,descending,190.22333
61.0,-12.75,descending,190.54999
61.0,-12.5,descending,190.68
61.0,-12.25,descending,190.6025
61.0,-12.0,descending,190.592
61.0,-11.75,descending,190.6875
61.0,-11.5,descending,190.954
61.0,-11.25,descending,191.2825
61.0,-11.0,descending,191.67801
61.0,-10.75,descending,192.035
61.0,-10.5,descending,192.4
61.0,-10.25,descending,193.44334
61.0,-10.0,descending,194.074
61.0,-9.75,descending,195.114
61.0,-9.5,descending,195.11
61.0,-9.25,descending,194.095
61.0,-9.0,descending,194.22705
61.0,-8.75,descending,194.1577
61.0,-8.5,descending,194.45
61.0,-8.25,descending,194.43999
61.0,-8.0,descending,194.444
61.0,-7.75,descending,194.14714
61.0,-7.5,descending,193.56383
61.0,-7.25,descending,192.76
61.0,-7.0,descending,191.72615
61.0,-6.75,descending,191.40714
61.0,-6.5,descending,190.78082
61.0,-6.25,descending,190.375
61.0,-6.0,descending,190.16615
61.0,-5.75,descending,189.70999
61.0,-5.5,descending,189.26
61.0,-5.25,descending,188.90332
61.0,-5.0,descending,188.44466
61.0,-4.75,descending,188.25581
61.0,-4.5,descending,188.25
61.0,-4.25,descending,188.3523
61.0,-4.0,descending,188.68187
61.0,-3.75,descending,188.8
61.0,-3.5,descending,189.04999
61.0,-3.25,descending,189.11436
61.0,-3.0,descending,189.18279
61.0,-2.75,descending,189.23332
61.0,-2.5,descending,189.44499
61.0,-2.25,descending,189.70749
61.0,-2.0,descending,189.534
61.0,-1.75,descending,189.66249
61.0,-1.5,descending,190.72333
61.0,-1.25,descending,194.29
61.0,-1.0,descending,197.212
61.0,-0.75,descending,198.262
61.0,-0.5,descending,197.27
61.0,-0.25,descending,194.4525
61.0,-0.0,descending,189.54001
61.0,0.25,descending,190.495
61.0,0.5,descending,189.825
61.0,0.75,descending,189.98665
61.0,1.0,descending,190.76999
61.0,1.25,descending,192.375
61.0,1.5,descending,193.61
61.0,1.75,descending,194.345
61.0,2.0,descending,194.61499
61.0,2.25,descending,193.98999
61.0,2.5,descending,193.4175
61.0,2.75,descending,191.83499
61.0,3.0,descending,191.11
61.0,3.25,descending,190.23999
61.0,3.5,descending,189.86
61.0,3.75,descending,190.0575
61.0,4.0,descending,190.61
61.0,4.25,descending,193.198
61.0,4.5,descending,200.4325
61.0,4.75,descending,211.45801
61.0,5.0,descending,228.3625
61.0,5.25,descending,239.60748
61.0,5.5,descending,248.50334
61.0,5.75,descending,255.03598
61.0,6.0,descending,257.85248
61.0,6.25,descending,259.0625
61.0,6.5,descending,259.27
61.0,6.75,descending,259.61
61.0,7.0,descending,259.79498
61.0,7.25,descending,261.32
61.0,7.5,descending,262.84335
61.0,7.75,descending,263.596
61.0,8.0,descending,263.61398
61.0,8.25,descending,263.16498
61.0,8.5,descending,262.87
61.0,8.75,descending,263.155
61.0,9.0,descending,264.01
61.0,9.25,descending,265.125
61.0,9.5,descending,266.03
61.0,9.75,descending,266.852
61.0,10.0,descending,267.18198
61.0,10.25,descending,266.405
61.0,10.5,descending,265.294
61.0,10.75,descending,264.345
61.0,11.0,descending,265.266
61.0,11.25,descending,268.3275
61.0,11.5,descending,270.16748
61.0,11.75,descending,270.966
61.0,12.0,descending,271.16498
61.0,12.25,descending,270.96402
61.0,12.5,descending,270.495
61.0,12.75,descending,270.038
61.0,13.0,descending,269.875
61.0,13.25,descending,269.882
61.0,13.5,descending,269.68597
61.0,13.75,descending,269.34665
61.0,14.0,descending,268.36798
61.0,14.25,descending,266.61
61.0,14.5,descending,264.78
61.0,14.75,descending,264.4325
61.0,15.0,descending,265.926
61.0,15.25,descending,267.05142
61.0,15.5,descending,267.43832
61.0,15.75,descending,267.98764
61.0,16.0,descending,268.514
61.0,16.25,descending,268.29883
61.0,16.5,descending,265.91867
61.0,16.75,descending,259.30573
61.0,17.0,descending,248.54356
61.0,17.25,descending,234.91333
61.0,17.5,descending,221.96768
61.0,17.75,descending,209.96927
61.0,18.0,descending,201.53357
61.0,18.25,descending,198.0123
61.0,18.5,descending,194.94615
61.0,18.75,descending,193.65201
61.0,19.0,descending,192.65845
61.0,19.25,descending,192.49538
61.0,19.5,descending,192.09
61.0,19.75,descending,191.58922
61.0,20.0,descending,191.58812
61.0,20.25,descending,192.28615
61.0,20.5,descending,194.83078
61.0,20.75,descending,201.79199
61.0,21.0,descending,215.20999
61.0,21.25,descending,230.59286
61.0,21.5,descending,247.22736
61.0,21.75,descending,258.3578
61.0,22.0,descending,263.1163
61.0,22.25,descending,264.91705
61.0,22.5,descending,266.9325
61.0,22.75,descending,269.324
61.0,23.0,descending,270.43
61.0,23.25,descending,270.122
61.0,23.5,descending,268.774
61.0,23.75,descending,267.21
61.0,24.0,descending,265.22
61.0,24.25,descending,264.6725
61.0,24.5,descending,263.83197
61.0,24.75,descending,264.566
61.0,25.0,descending,264.242
61.0,25.25,descending,264.1325
61.0,25.5,descending,263.68
61.0,25.75,descending,262.896
61.0,26.0,descending,262.20502
61.0,26.25,descending,261.145
61.0,26.5,descending,259.518
61.0,26.75,descending,258.985
61.0,27.0,descending,257.0575
61.0,27.25,descending,256.116
61.0,27.5,descending,252.74333
61.0,27.75,descending,251.09
61.0,28.0,descending,248.8775
61.0,28.25,descending,249.69
61.0,28.5,descending,248.81
61.0,28.75,descending,252.4925
61.0,29.0,descending,255.422
61.0,29.25,descending,263.729
61.0,29.5,descending,262.01
61.0,29.75,descending,258.19687
61.0,30.0,descending,249.79933
61.0,30.25,descending,241.80692
61.0,30.5,descending,229.30692
61.0,30.75,descending,216.01428
61.0,31.0,descending,206.84364
61.0,31.25,descending,197.75166
61.0,31.5,descending,193.84917
61.0,31.75,descending,194.151
61.0,32.0,descending,195.53152
61.0,32.25,descending,200.59
61.0,32.5,descending,207.97818
61.0,32.75,descending,225.40248
61.0,33.0,descending,241.10362
61.0,33.25,descending,252.47182
61.0,33.5,descending,259.9911
61.0,33.75,descending,264.0991
61.0,34.0,descending,265.57333
61.0,34.25,descending,265.56198
61.0,34.5,descending,264.869
61.0,34.75,descending,262.96445
61.0,35.0,descending,260.99332
61.0,35.25,descending,255.25334
61.0,35.5,descending,249.45543
61.0,35.75,descending,246.51888
61.0,36.0,descending,247.741
61.0,36.25,descending,253.82901
61.0,36.5,descending,261.129
61.0,36.75,descending,263.949
61.0,37.0,descending,264.4833
61.0,37.25,descending,264.34442
61.0,37.5,descending,264.84
61.0,37.75,descending,265.996
61.0,38.0,descending,266.4
61.25,-13.0,descending,188.43
61.25,-12.75,descending,188.65599
61.25,-12.5,descending,188.8775
61.25,-12.25,descending,188.894
61.25,-12.0,descending,188.90999
61.25,-11.75,descending,188.966
61.25,-11.5,descending,189.05249
61.25,-11.25,descending,189.204
61.25,-11.0,descending,189.445
61.25,-10.75,descending,189.76599
61.25,-10.5,descending,190.045
61.25,-10.25,descending,190.33
61.25,-10.0,descending,191.08
61.25,-9.75,descending,191.56
61.25,-9.5,descending,191.98799
61.25,-9.25,descending,191.37692
61.25,-9.0,descending,191.23666
61.25,-8.75,descending,191.19823
61.25,-8.5,descending,191.3457
61.25,-8.25,descending,191.26
61.25,-8.0,descending,191.385
61.25,-7.75,descending,191.31615
61.25,-7.5,descending,191.00357
61.25,-7.25,descending,190.75832
61.25,-7.0,descending,190.55415
61.25,-6.75,descending,189.89166
61.25,-6.5,descending,189.24908
61.25,-6.25,descending,188.73769
61.25,-6.0,descending,187.99153
61.25,-5.75,descending,187.93456
61.25,-5.5,descending,187.41273
61.25,-5.25,descending,187.24284
61.25,-5.0,descending,187.1709
61.25,-4.75,descending,187.06923
61.25,-4.5,descending,187.18153
61.25,-4.25,descending,187.34583
61.25,-4.0,descending,187.62384
61.25,-3.75,descending,188.02998
61.25,-3.5,descending,188.25465
61.25,-3.25,descending,188.4077
61.25,-3.0,descending,188.48999
61.25,-2.75,descending,188.82176
61.25,-2.5,descending,189.10706
61.25,-2.25,descending,189.22278
61.25,-2.0,descending,189.451
61.25,-1.75,descending,189.7625
61.25,-1.5,descending,189.8575
61.25,-1.25,descending,190.274
61.25,-1.0,descending,191.485
61.25,-0.75,descending,192.174
61.25,-0.5,descending,193.112
61.25,-0.25,descending,192.308
61.25,-0.0,descending,189.08858
61.25,0.25,descending,190.63199
61.25,0.5,descending,190.094
61.25,0.75,descending,190.03749
61.25,1.0,descending,190.386
61.25,1.25,descending,191.4175
61.25,1.5,descending,192.46799
61.25,1.75,descending,193.7125
61.25,2.0,descending,194.04999
61.25,2.25,descending,194.08249
61.25,2.5,descending,193.3375
61.25,2.75,descending,192.905
61.25,3.0,descending,191.888
61.25,3.25,descending,191.18
61.25,3.5,descending,190.81
61.25,3.75,descending,190.98999
61.25,4.0,descending,191.568
61.25,4.25,descending,194.455
61.25,4.5,descending,200.305
61.25,4.75,descending,212.01
61.25,5.0,descending,223.8475
61.25,5.25,descending,240.09
61.25,5.5,descending,249.95401
61.25,5.75,descending,254.34999
61.25,6.0,descending,256.514
61.25,6.25,descending,257.35498
61.25,6.5,descending,257.41
61.25,6.75,descending,257.572
61.25,7.0,descending,257.66998
61.25,7.25,descending,258.90332
61.25,7.5,descending,261.064
61.25,7.75,descending,262.60666
61.25,8.0,descending,263.4575
61.25,8.25,descending,263.20248
61.25,8.5,descending,262.705
61.25,8.75,descending,262.56998
61.25,9.0,descending,262.98398
61.25,9.25,descending,264.116
61.25,9.5,descending,265.1875
61.25,9.75,descending,266.41333
61.25,10.0,descending,266.9775
61.25,10.25,descending,266.882
61.25,10.5,descending,266.275
61.25,10.75,descending,266.138
61.25,11.0,descending,267.16748
61.25,11.25,descending,268.785
61.25,11.5,descending,270.25
61.25,11.75,descending,270.5475
61.25,12.0,descending,270.666
61.25,12.25,descending,270.735
61.25,12.5,descending,270.492
61.25,12.75,descending,270.08
61.25,13.0,descending,269.788
61.25,13.25,descending,269.81
61.25,13.5,descending,270.00598
61.25,13.75,descending,270.15997
61.25,14.0,descending,269.59
61.25,14.25,descending,267.82
61.25,14.5,descending,266.3775
61.25,14.75,descending,266.406
61.25,15.0,descending,267.32748
61.25,15.25,descending,267.848
61.25,15.5,descending,268.3194
61.25,15.75,descending,268.49625
61.25,16.0,descending,268.35812
61.25,16.25,descending,267.53616
61.25,16.5,descending,264.7033
61.25,16.75,descending,257.93668
61.25,17.0,descending,244.8307
61.25,17.25,descending,228.39417
61.25,17.5,descending,212.72537
61.25,17.75,descending,203.93
61.25,18.0,descending,196.54637
61.25,18.25,descending,193.34917
61.25,18.5,descending,191.92538
61.25,18.75,descending,191.76636
61.25,19.0,descending,191.64183
61.25,19.25,descending,191.43817
61.25,19.5,descending,191.26285
61.25,19.75,descending,191.1369
61.25,20.0,descending,191.23418
61.25,20.25,descending,191.66273
61.25,20.5,descending,194.0775
61.25,20.75,descending,199.65462
61.25,21.0,descending,210.88562
61.25,21.25,descending,228.01154
61.25,21.5,descending,242.81934
61.25,21.75,descending,255.80142
61.25,22.0,descending,262.72998
61.25,22.25,descending,265.91187
61.25,22.5,descending,267.4779
61.25,22.75,descending,267.42874
61.25,23.0,descending,267.76
61.25,23.25,descending,267.58
61.25,23.5,descending,265.81
61.25,23.75,descending,263.61798
61.25,24.0,descending,260.97598
61.25,24.25,descending,259.122
61.25,24.5,descending,259.6133
61.25,24.75,descending,258.5375
61.25,25.0,descending,258.98248
61.25,25.25,descending,257.345
61.25,25.5,descending,257.815
61.25,25.75,descending,256.5533
61.25,26.0,descending,258.0
61.25,26.25,descending,257.22748
61.25,26.5,descending,257.412
61.25,26.75,descending,256.78748
61.25,27.0,descending,257.128
61.25,27.25,descending,255.95
61.25,27.5,descending,253.866
61.25,27.75,descending,249.045
61.25,28.0,descending,247.5925
61.25,28.25,descending,246.3225
61.25,28.5,descending,250.15
61.25,28.75,descending,252.9025
61.25,29.0,descending,256.28665
61.25,29.25,descending,261.66666
61.25,29.5,descending,261.88187
61.25,29.75,descending,256.29117
61.25,30.0,descending,247.35692
61.25,30.25,descending,234.05307
61.25,30.5,descending,220.18001
61.25,30.75,descending,208.72417
61.25,31.0,descending,201.08545
61.25,31.25,descending,199.60545
61.25,31.5,descending,199.34546
61.25,31.75,descending,203.7025
61.25,32.0,descending,208.53624
61.25,32.25,descending,217.6018
61.25,32.5,descending,225.75
61.25,32.75,descending,238.74666
61.25,33.0,descending,248.68298
61.25,33.25,descending,257.56998
61.25,33.5,descending,262.24637
61.25,33.75,descending,264.87857
61.25,34.0,descending,265.403
61.25,34.25,descending,264.763
61.25,34.5,descending,262.564
61.25,34.75,descending,259.47556
61.25,35.0,descending,255.28223
61.25,35.25,descending,246.30124
61.25,35.5,descending,235.577
61.25,35.75,descending,227.28778
61.25,36.0,descending,226.297
61.25,36.25,descending,237.1025
61.25,36.5,descending,248.03499
61.25,36.75,descending,258.49222
61.25,37.0,descending,264.33557
61.25,37.25,descending,265.545
61.25,37.5,descending,266.355
61.25,37.75,descending,267.26373
61.25,38.0,descending,267.854
61.5,-13.0,descending,185.62
61.5,-12.75,descending,186.01999
61.5,-12.5,descending,186.488
61.5,-12.25,descending,186.82999
61.5,-12.0,descending,187.052
61.5,-11.75,descending,187.2425
61.5,-11.5,descending,187.334
61.5,-11.25,descending,187.415
61.5,-11.0,descending,187.548
61.5,-10.75,descending,187.7275
61.5,-10.5,descending,187.86398
61.5,-10.25,descending,187.98749
61.5,-10.0,descending,188.21599
61.5,-9.75,descending,188.79599
61.5,-9.5,descending,188.82832
61.5,-9.25,descending,189.27455
61.5,-9.0,descending,189.03882
61.5,-8.75,descending,188.93266
61.5,-8.5,descending,188.94058
61.5,-8.25,descending,188.82785
61.5,-8.0,descending,188.73715
61.5,-7.75,descending,188.98769
61.5,-7.5,descending,189.22643
61.5,-7.25,descending,190.03833
61.5,-7.0,descending,190.73308
61.5,-6.75,descending,190.58615
61.5,-6.5,descending,189.168
61.5,-6.25,descending,187.61084
61.5,-6.0,descending,186.62544
61.5,-5.75,descending,186.23615
61.5,-5.5,descending,185.81845
61.5,-5.25,descending,185.65251
61.5,-5.0,descending,185.76857
61.5,-4.75,descending,185.71844
61.5,-4.5,descending,185.96582
61.5,-4.25,descending,186.11427
61.5,-4.0,descending,186.47714
61.5,-3.75,descending,186.77428
61.5,-3.5,descending,187.05286
61.5,-3.25,descending,187.265
61.5,-3.0,descending,187.3223
61.5,-2.75,descending,187.508
61.5,-2.5,descending,187.918
61.5,-2.25,descending,188.16312
61.5,-2.0,descending,188.22047
61.5,-1.75,descending,188.29538
61.5,-1.5,descending,189.258
61.5,-1.25,descending,189.44499
61.5,-1.0,descending,190.16199
61.5,-0.75,descending,190.38249
61.5,-0.5,descending,190.4925
61.5,-0.25,descending,190.68
61.5,-0.0,descending,188.80998
61.5,0.25,descending,189.976
61.5,0.5,descending,189.8125
61.5,0.75,descending,189.98499
61.5,1.0,descending,190.496
61.5,1.25,descending,191.29399
61.5,1.5,descending,192.31
61.5,1.75,descending,192.6975
61.5,2.0,descending,193.052
61.5,2.25,descending,192.71
61.5,2.5,descending,192.066
61.5,2.75,descending,191.44
61.5,3.0,descending,190.8525
61.5,3.25,descending,190.6975
61.5,3.5,descending,190.5725
61.5,3.75,descending,190.8625
61.5,4.0,descending,192.095
61.5,4.25,descending,194.3125
61.5,4.5,descending,200.722
61.5,4.75,descending,210.7175
61.5,5.0,descending,226.25499
61.5,5.25,descending,240.09799
61.5,5.5,descending,251.72
61.5,5.75,descending,255.71999
61.5,6.0,descending,257.74
61.5,6.25,descending,257.7225
61.5,6.5,descending,257.666
61.5,6.75,descending,257.565
61.5,7.0,descending,257.62
61.5,7.25,descending,258.20248
61.5,7.5,descending,259.9225
61.5,7.75,descending,261.68597
61.5,8.0,descending,262.73666
61.5,8.25,descending,262.678
61.5,8.5,descending,262.242
61.5,8.75,descending,262.2725
61.5,9.0,descending,262.87
61.5,9.25,descending,263.824
61.5,9.5,descending,264.77002
61.5,9.75,descending,265.794
61.5,10.0,descending,266.59332
61.5,10.25,descending,266.9875
61.5,10.5,descending,267.08798
61.5,10.75,descending,267.305
61.5,11.0,descending,267.97998
61.5,11.25,descending,268.945
61.5,11.5,descending,269.568
61.5,11.75,descending,269.57333
61.5,12.0,descending,269.1875
61.5,12.25,descending,269.388
61.5,12.5,descending,269.595
61.5,12.75,descending,269.51398
61.5,13.0,descending,269.3025
61.5,13.25,descending,269.34
61.5,13.5,descending,269.8275
61.5,13.75,descending,270.456
61.5,14.0,descending,270.63248
61.5,14.25,descending,269.91666
61.5,14.5,descending,269.03665
61.5,14.75,descending,268.6775
61.5,15.0,descending,268.674
61.5,15.25,descending,268.6275
61.5,15.5,descending,269.45798
61.5,15.75,descending,269.55057
61.5,16.0,descending,268.9688
61.5,16.25,descending,267.8073
61.5,16.5,descending,264.5493
61.5,16.75,descending,256.5257
61.5,17.0,descending,243.92998
61.5,17.25,descending,228.43692
61.5,17.5,descending,212.82498
61.5,17.75,descending,201.2025
61.5,18.0,descending,195.91153
61.5,18.25,descending,193.03615
61.5,18.5,descending,191.76
61.5,18.75,descending,191.64333
61.5,19.0,descending,191.83499
61.5,19.25,descending,192.04999
61.5,19.5,descending,192.17538
61.5,19.75,descending,192.33167
61.5,20.0,descending,192.25076
61.5,20.25,descending,192.40582
61.5,20.5,descending,193.63467
61.5,20.75,descending,197.96167
61.5,21.0,descending,206.46307
61.5,21.25,descending,218.70999
61.5,21.5,descending,238.21733
61.5,21.75,descending,252.93134
61.5,22.0,descending,261.314
61.5,22.25,descending,265.4688
61.5,22.5,descending,266.49734
61.5,22.75,descending,265.70682
61.5,23.0,descending,263.73923
61.5,23.25,descending,263.616
61.5,23.5,descending,261.596
61.5,23.75,descending,258.705
61.5,24.0,descending,257.35248
61.5,24.25,descending,255.68399
61.5,24.5,descending,255.20801
61.5,24.75,descending,254.71199
61.5,25.0,descending,253.16249
61.5,25.25,descending,251.465
61.5,25.5,descending,250.25166
61.5,25.75,descending,251.5875
61.5,26.0,descending,252.70499
61.5,26.25,descending,253.43
61.5,26.5,descending,253.835
61.5,26.75,descending,254.31
61.5,27.0,descending,254.545
61.5,27.25,descending,253.93
61.5,27.5,descending,251.0925
61.5,27.75,descending,247.625
61.5,28.0,descending,243.03598
61.5,28.25,descending,241.41
61.5,28.5,descending,243.1825
61.5,28.75,descending,246.61499
61.5,29.0,descending,251.71599
61.5,29.25,descending,257.418
61.5,29.5,descending,260.1241
61.5,29.75,descending,259.55466
61.5,30.0,descending,254.06062
61.5,30.25,descending,244.39307
61.5,30.5,descending,230.63461
61.5,30.75,descending,221.16667
61.5,31.0,descending,210.64153
61.5,31.25,descending,213.64333
61.5,31.5,descending,213.06728
61.5,31.75,descending,225.61455
61.5,32.0,descending,228.73083
61.5,32.25,descending,240.451
61.5,32.5,descending,246.1791
61.5,32.75,descending,251.37453
61.5,33.0,descending,257.53333
61.5,33.25,descending,260.99817
61.5,33.5,descending,263.8
61.5,33.75,descending,264.86
61.5,34.0,descending,264.31598
61.5,34.25,descending,261.12332
61.5,34.5,descending,255.84799
61.5,34.75,descending,249.17331
61.5,35.0,descending,242.83
61.5,35.25,descending,234.16333
61.5,35.5,descending,222.62125
61.5,35.75,descending,216.00598
61.5,36.0,descending,216.96098
61.5,36.25,descending,226.248
61.5,36.5,descending,240.78624
61.5,36.75,descending,253.427
61.5,37.0,descending,261.4111
61.5,37.25,descending,265.427
61.5,37.5,descending,266.97125
61.5,37.75,descending,267.8922
61.5,38.0,descending,267.65833
61.75,-13.0,descending,182.98999
61.75,-12.75,descending,183.334
61.75,-12.5,descending,183.73749
61.75,-12.25,descending,184.214
61.75,-12.0,descending,184.61249
61.75,-11.75,descending,184.95
61.75,-11.5,descending,185.19499
61.75,-11.25,descending,185.384
61.75,-11.0,descending,185.56999
61.75,-10.75,descending,185.74199
61.75,-10.5,descending,185.86499
61.75,-10.25,descending,185.978
61.75,-10.0,descending,186.1275
61.75,-9.75,descending,186.284
61.75,-9.5,descending,186.355
61.75,-9.25,descending,186.75273
61.75,-9.0,descending,186.55444
61.75,-8.75,descending,186.73799
61.75,-8.5,descending,186.72624
61.75,-8.25,descending,186.7907
61.75,-8.0,descending,186.83786
61.75,-7.75,descending,187.38385
61.75,-7.5,descending,188.52083
61.75,-7.25,descending,191.00462
61.75,-7.0,descending,192.1909
61.75,-6.75,descending,191.68916
61.75,-6.5,descending,190.23
61.75,-6.25,descending,187.98726
61.75,-6.0,descending,186.31383
61.75,-5.75,descending,185.13666
61.75,-5.5,descending,184.55083
61.75,-5.25,descending,184.40181
61.75,-5.0,descending,184.30583
61.75,-4.75,descending,184.33899
61.75,-4.5,descending,184.6023
61.75,-4.25,descending,184.61415
61.75,-4.0,descending,184.93
61.75,-3.75,descending,185.21922
61.75,-3.5,descending,185.40417
61.75,-3.25,descending,185.71501
61.75,-3.0,descending,185.88077
61.75,-2.75,descending,186.105
61.75,-2.5,descending,186.37
61.75,-2.25,descending,186.63333
61.75,-2.0,descending,186.81625
61.75,-1.75,descending,186.89833
61.75,-1.5,descending,186.89944
61.75,-1.25,descending,187.01833
61.75,-1.0,descending,188.198
61.75,-0.75,descending,188.662
61.75,-0.5,descending,188.6425
61.75,-0.25,descending,189.33798
61.75,-0.0,descending,187.1657
61.75,0.25,descending,189.2525
61.75,0.5,descending,189.48334
61.75,0.75,descending,189.9675
61.75,1.0,descending,190.8175
61.75,1.25,descending,192.20749
61.75,1.5,descending,193.38666
61.75,1.75,descending,194.045
61.75,2.0,descending,194.27249
61.75,2.25,descending,193.444
61.75,2.5,descending,192.23999
61.75,2.75,descending,191.03667
61.75,3.0,descending,190.2325
61.75,3.25,descending,189.95
61.75,3.5,descending,190.10399
61.75,3.75,descending,191.09999
61.75,4.0,descending,192.73
61.75,4.25,descending,196.2275
61.75,4.5,descending,200.77332
61.75,4.75,descending,210.3425
61.75,5.0,descending,222.86249
61.75,5.25,descending,237.75665
61.75,5.5,descending,246.9725
61.75,5.75,descending,255.09749
61.75,6.0,descending,257.5
61.75,6.25,descending,258.6033
61.75,6.5,descending,258.82498
61.75,6.75,descending,258.975
61.75,7.0,descending,259.392
61.75,7.25,descending,260.1425
61.75,7.5,descending,260.8425
61.75,7.75,descending,262.54248
61.75,8.0,descending,263.03198
61.75,8.25,descending,262.86
61.75,8.5,descending,262.42667
61.75,8.75,descending,262.46997
61.75,9.0,descending,263.085
61.75,9.25,descending,264.21335
61.75,9.5,descending,265.0925
61.75,9.75,descending,265.6925
61.75,10.0,descending,266.294
61.75,10.25,descending,266.84332
61.75,10.5,descending,267.525
61.75,10.75,descending,267.8975
61.75,11.0,descending,268.11
61.75,11.25,descending,268.056
61.75,11.5,descending,267.88748
61.75,11.75,descending,267.652
61.75,12.0,descending,267.41333
61.75,12.25,descending,267.59665
61.75,12.5,descending,268.034
61.75,12.75,descending,268.5075
61.75,13.0,descending,268.65598
61.75,13.25,descending,268.8375
61.75,13.5,descending,269.37997
61.75,13.75,descending,269.9925
61.75,14.0,descending,270.15
61.75,14.25,descending,269.885
61.75,14.5,descending,269.452
61.75,14.75,descending,269.20334
61.75,15.0,descending,269.0925
61.75,15.25,descending,269.118
61.75,15.5,descending,269.94998
61.75,15.75,descending,269.824
61.75,16.0,descending,269.13528
61.75,16.25,descending,267.7369
61.75,16.5,descending,264.9331
61.75,16.75,descending,258.84152
61.75,17.0,descending,248.7675
61.75,17.25,descending,231.74867
61.75,17.5,descending,219.56084
61.75,17.75,descending,203.41333
61.75,18.0,descending,198.32082
61.75,18.25,descending,193.425
61.75,18.5,descending,192.24165
61.75,18.75,descending,192.20166
61.75,19.0,descending,192.60834
61.75,19.25,descending,192.80908
61.75,19.5,descending,193.51833
61.75,19.75,descending,193.35362
61.75,20.0,descending,193.47455
61.75,20.25,descending,193.4357
61.75,20.5,descending,194.18456
61.75,20.75,descending,197.07455
61.75,21.0,descending,205.8125
61.75,21.25,descending,219.89769
61.75,21.5,descending,237.82286
61.75,21.75,descending,250.52866
61.75,22.0,descending,261.41385
61.75,22.25,descending,264.97998
61.75,22.5,descending,265.7475
61.75,22.75,descending,264.48117
61.75,23.0,descending,262.23764
61.75,23.25,descending,260.50732
61.75,23.5,descending,258.975
61.75,23.75,descending,257.1475
61.75,24.0,descending,256.14398
61.75,24.25,descending,255.8075
61.75,24.5,descending,256.0675
61.75,24.75,descending,255.20749
61.75,25.0,descending,254.068
61.75,25.25,descending,250.4
61.75,25.5,descending,247.90201
61.75,25.75,descending,247.64499
61.75,26.0,descending,249.35999
61.75,26.25,descending,250.70749
61.75,26.5,descending,250.52249
61.75,26.75,descending,251.6075
61.75,27.0,descending,253.1875
61.75,27.25,descending,254.2025
61.75,27.5,descending,253.224
61.75,27.75,descending,249.64749
61.75,28.0,descending,246.95667
61.75,28.25,descending,243.785
61.75,28.5,descending,241.775
61.75,28.75,descending,242.86002
61.75,29.0,descending,245.89998
61.75,29.25,descending,247.72
61.75,29.5,descending,253.93076
61.75,29.75,descending,255.16116
61.75,30.0,descending,256.87076
61.75,30.25,descending,255.16
61.75,30.5,descending,250.99928
61.75,30.75,descending,243.78499
61.75,31.0,descending,238.45728
61.75,31.25,descending,239.262
61.75,31.5,descending,238.52333
61.75,31.75,descending,244.41222
61.75,32.0,descending,250.40498
61.75,32.25,descending,254.75223
61.75,32.5,descending,257.085
61.75,32.75,descending,257.981
61.75,33.0,descending,258.758
61.75,33.25,descending,260.24667
61.75,33.5,descending,261.886
61.75,33.75,descending,262.40222
61.75,34.0,descending,260.244
61.75,34.25,descending,254.65875
61.75,34.5,descending,243.75667
61.75,34.75,descending,233.71889
61.75,35.0,descending,223.20778
61.75,35.25,descending,217.60223
61.75,35.5,descending,212.34889
61.75,35.75,descending,213.65222
61.75,36.0,descending,220.065
61.75,36.25,descending,231.25446
61.75,36.5,descending,244.73698
61.75,36.75,descending,255.15874
61.75,37.0,descending,261.902
61.75,37.25,descending,265.43222
61.75,37.5,descending,266.987
61.75,37.75,descending,267.17374
61.75,38.0,descending,266.97665
62.0,-13.0,descending,181.99666
62.0,-12.75,descending,181.95749
62.0,-12.5,descending,182.215
62.0,-12.25,descending,182.37
62.0,-12.0,descending,182.694
62.0,-11.75,descending,182.95
62.0,-11.5,descending,183.232
62.0,-11.25,descending,183.4725
62.0,-11.0,descending,183.71399
62.0,-10.75,descending,183.88
62.0,-10.5,descending,184.03
62.0,-10.25,descending,184.1575
62.0,-10.0,descending,184.29399
62.0,-9.75,descending,184.3775
62.0,-9.5,descending,184.43199
62.0,-9.25,descending,184.478
62.0,-9.0,descending,184.19946
62.0,-8.75,descending,184.35374
62.0,-8.5,descending,184.46867
62.0,-8.25,descending,185.04768
62.0,-8.0,descending,185.78142
62.0,-7.75,descending,187.60071
62.0,-7.5,descending,190.85
62.0,-7.25,descending,194.93307
62.0,-7.0,descending,197.36615
62.0,-6.75,descending,196.72142
62.0,-6.5,descending,192.73817
62.0,-6.25,descending,189.1975
62.0,-6.0,descending,187.14691
62.0,-5.75,descending,184.9669
62.0,-5.5,descending,184.24916
62.0,-5.25,descending,183.72667
62.0,-5.0,descending,183.52
62.0,-4.75,descending,183.25385
62.0,-4.5,descending,183.24666
62.0,-4.25,descending,183.36415
62.0,-4.0,descending,183.56537
62.0,-3.75,descending,183.65454
62.0,-3.5,descending,183.87416
62.0,-3.25,descending,184.15692
62.0,-3.0,descending,184.34
62.0,-2.75,descending,184.67642
62.0,-2.5,descending,184.98
62.0,-2.25,descending,185.14285
62.0,-2.0,descending,185.50465
62.0,-1.75,descending,185.56625
62.0,-1.5,descending,185.59894
62.0,-1.25,descending,185.6579
62.0,-1.0,descending,185.40363
62.0,-0.75,descending,186.16
62.0,-0.5,descending,186.86499
62.0,-0.25,descending,186.972
62.0,-0.0,descending,186.29
62.0,0.25,descending,187.89499
62.0,0.5,descending,188.685
62.0,0.75,descending,188.926
62.0,1.0,descending,190.094
62.0,1.25,descending,191.08499
62.0,1.5,descending,193.01
62.0,1.75,descending,194.15399
62.0,2.0,descending,195.16
62.0,2.25,descending,195.16249
62.0,2.5,descending,194.20749
62.0,2.75,descending,192.295
62.0,3.0,descending,191.08499
62.0,3.25,descending,190.272
62.0,3.5,descending,190.67249
62.0,3.75,descending,191.58249
62.0,4.0,descending,193.71667
62.0,4.25,descending,196.13249
62.0,4.5,descending,201.284
62.0,4.75,descending,208.14749
62.0,5.0,descending,219.785
62.0,5.25,descending,232.31198
62.0,5.5,descending,245.23999
62.0,5.75,descending,251.5325
62.0,6.0,descending,254.5
62.0,6.25,descending,257.24
62.0,6.5,descending,258.13998
62.0,6.75,descending,258.958
62.0,7.0,descending,259.91
62.0,7.25,descending,260.97333
62.0,7.5,descending,262.18597
62.0,7.75,descending,263.46335
62.0,8.0,descending,264.402
62.0,8.25,descending,264.1175
62.0,8.5,descending,263.752
62.0,8.75,descending,263.5875
62.0,9.0,descending,264.035
62.0,9.25,descending,264.762
62.0,9.5,descending,265.35748
62.0,9.75,descending,265.66998
62.0,10.0,descending,266.132
62.0,10.25,descending,266.82748
62.0,10.5,descending,267.56
62.0,10.75,descending,268.0925
62.0,11.0,descending,267.725
62.0,11.25,descending,266.41998
62.0,11.5,descending,265.24
62.0,11.75,descending,263.86
62.0,12.0,descending,264.8225
62.0,12.25,descending,265.5575
62.0,12.5,descending,266.39667
62.0,12.75,descending,267.298
62.0,13.0,descending,268.03748
62.0,13.25,descending,268.56
62.0,13.5,descending,269.04498
62.0,13.75,descending,269.28
62.0,14.0,descending,269.16748
62.0,14.25,descending,269.02
62.0,14.5,descending,268.88248
62.0,14.75,descending,268.74
62.0,15.0,descending,268.865
62.0,15.25,descending,269.042
62.0,15.5,descending,269.42715
62.0,15.75,descending,269.5006
62.0,16.0,descending,269.04373
62.0,16.25,descending,267.96332
62.0,16.5,descending,265.92734
62.0,16.75,descending,261.53
62.0,17.0,descending,253.12769
62.0,17.25,descending,241.05165
62.0,17.5,descending,223.72615
62.0,17.75,descending,209.48538
62.0,18.0,descending,201.3146
62.0,18.25,descending,194.83461
62.0,18.5,descending,193.14333
62.0,18.75,descending,192.59332
62.0,19.0,descending,192.97083
62.0,19.25,descending,193.53453
62.0,19.5,descending,193.5675
62.0,19.75,descending,193.91917
62.0,20.0,descending,193.25285
62.0,20.25,descending,193.0891
62.0,20.5,descending,194.17384
62.0,20.75,descending,197.45728
62.0,21.0,descending,207.36
62.0,21.25,descending,225.11415
62.0,21.5,descending,241.33846
62.0,21.75,descending,255.32832
62.0,22.0,descending,261.248
62.0,22.25,descending,265.375
62.0,22.5,descending,265.73312
62.0,22.75,descending,264.51688
62.0,23.0,descending,262.51865
62.0,23.25,descending,260.875
62.0,23.5,descending,259.51315
62.0,23.75,descending,258.435
62.0,24.0,descending,257.19
62.0,24.25,descending,256.97
62.0,24.5,descending,257.85748
62.0,24.75,descending,258.086
62.0,25.0,descending,258.18332
62.0,25.25,descending,255.2775
62.0,25.5,descending,252.1225
62.0,25.75,descending,249.6575
62.0,26.0,descending,251.08998
62.0,26.25,descending,251.7825
62.0,26.5,descending,251.53598
62.0,26.75,descending,250.71
62.0,27.0,descending,251.50798
62.0,27.25,descending,253.65
62.0,27.5,descending,254.53667
62.0,27.75,descending,253.84749
62.0,28.0,descending,250.725
62.0,28.25,descending,247.575
62.0,28.5,descending,244.352
62.0,28.75,descending,243.01332
62.0,29.0,descending,242.194
62.0,29.25,descending,241.68666
62.0,29.5,descending,248.55786
62.0,29.75,descending,250.46062
62.0,30.0,descending,253.12599
62.0,30.25,descending,255.58846
62.0,30.5,descending,257.31357
62.0,30.75,descending,256.83
62.0,31.0,descending,255.25499
62.0,31.25,descending,255.73332
62.0,31.5,descending,256.86453
62.0,31.75,descending,259.10922
62.0,32.0,descending,260.021
62.0,32.25,descending,261.568
62.0,32.5,descending,261.335
62.0,32.75,descending,259.78
62.0,33.0,descending,256.89816
62.0,33.25,descending,256.5011
62.0,33.5,descending,257.685
62.0,33.75,descending,258.13443
62.0,34.0,descending,255.68182
62.0,34.25,descending,249.689
62.0,34.5,descending,239.28198
62.0,34.75,descending,226.267
62.0,35.0,descending,217.626
62.0,35.25,descending,211.60999
62.0,35.5,descending,211.02667
62.0,35.75,descending,218.31
62.0,36.0,descending,232.09001
62.0,36.25,descending,242.2589
62.0,36.5,descending,252.43999
62.0,36.75,descending,258.0357
62.0,37.0,descending,262.866
62.0,37.25,descending,265.69556
62.0,37.5,descending,266.9225
62.0,37.75,descending,266.57
62.0,38.0,descending,265.89667
62.25,-13.0,descending,181.78
62.25,-12.75,descending,181.65332
62.25,-12.5,descending,181.58
62.25,-12.25,descending,181.67
62.25,-12.0,descending,181.7875
62.25,-11.75,descending,182.0325
62.25,-11.5,descending,182.17
62.25,-11.25,descending,182.398
62.25,-11.0,descending,182.545
62.25,-10.75,descending,182.624
62.25,-10.5,descending,182.66
62.25,-10.25,descending,182.772
62.25,-10.0,descending,182.86249
62.25,-9.75,descending,182.93199
62.25,-9.5,descending,182.9325
62.25,-9.25,descending,182.90999
62.25,-9.0,descending,182.65936
62.25,-8.75,descending,182.70811
62.25,-8.5,descending,182.80882
62.25,-8.25,descending,183.41
62.25,-8.0,descending,184.4346
62.25,-7.75,descending,187.99461
62.25,-7.5,descending,193.19308
62.25,-7.25,descending,198.94
62.25,-7.0,descending,202.79999
62.25,-6.75,descending,202.103
62.25,-6.5,descending,197.51923
62.25,-6.25,descending,193.2025
62.25,-6.0,descending,188.01222
62.25,-5.75,descending,186.30544
62.25,-5.5,descending,184.8075
62.25,-5.25,descending,184.012
62.25,-5.0,descending,183.33751
62.25,-4.75,descending,182.961
62.25,-4.5,descending,182.71461
62.25,-4.25,descending,182.63666
62.25,-4.0,descending,182.5475
62.25,-3.75,descending,182.73923
62.25,-3.5,descending,182.78181
62.25,-3.25,descending,182.91637
62.25,-3.0,descending,183.12384
62.25,-2.75,descending,183.31232
62.25,-2.5,descending,183.65454
62.25,-2.25,descending,183.72455
62.25,-2.0,descending,184.08
62.25,-1.75,descending,184.25267
62.25,-1.5,descending,184.338
62.25,-1.25,descending,184.42221
62.25,-1.0,descending,184.43167
62.25,-0.75,descending,184.35066
62.25,-0.5,descending,184.62125
62.25,-0.25,descending,184.72667
62.25,-0.0,descending,184.9325
62.25,0.25,descending,186.19334
62.25,0.5,descending,186.9125
62.25,0.75,descending,186.8375
62.25,1.0,descending,187.958
62.25,1.25,descending,188.5025
62.25,1.5,descending,190.01799
62.25,1.75,descending,190.775
62.25,2.0,descending,192.92
62.25,2.25,descending,193.59
62.25,2.5,descending,193.89333
62.25,2.75,descending,192.9
62.25,3.0,descending,191.5725
62.25,3.25,descending,190.94
62.25,3.5,descending,190.95999
62.25,3.75,descending,192.01
62.25,4.0,descending,193.93199
62.25,4.25,descending,196.9825
62.25,4.5,descending,199.965
62.25,4.75,descending,204.55666
62.25,5.0,descending,211.7975
62.25,5.25,descending,221.95
62.25,5.5,descending,232.96
62.25,5.75,descending,241.198
62.25,6.0,descending,247.28749
62.25,6.25,descending,251.79749
62.25,6.5,descending,254.70999
62.25,6.75,descending,256.41
62.25,7.0,descending,258.72998
62.25,7.25,descending,260.26498
62.25,7.5,descending,262.1525
62.25,7.75,descending,263.54248
62.25,8.0,descending,264.42667
62.25,8.25,descending,264.845
62.25,8.5,descending,264.72998
62.25,8.75,descending,264.5075
62.25,9.0,descending,264.5925
62.25,9.25,descending,264.895
62.25,9.5,descending,265.2175
62.25,9.75,descending,265.52
62.25,10.0,descending,265.82
62.25,10.25,descending,266.382
62.25,10.5,descending,267.18
62.25,10.75,descending,267.635
62.25,11.0,descending,267.25333
62.25,11.25,descending,265.405
62.25,11.5,descending,262.83398
62.25,11.75,descending,260.84
62.25,12.0,descending,261.138
62.25,12.25,descending,262.9425
62.25,12.5,descending,264.665
62.25,12.75,descending,266.08002
62.25,13.0,descending,266.96
62.25,13.25,descending,268.14
62.25,13.5,descending,268.856
62.25,13.75,descending,269.01248
62.25,14.0,descending,268.80402
62.25,14.25,descending,268.655
62.25,14.5,descending,268.452
62.25,14.75,descending,268.0675
62.25,15.0,descending,267.86798
62.25,15.25,descending,268.05002
62.25,15.5,descending,268.405
62.25,15.75,descending,268.85233
62.25,16.0,descending,268.74704
62.25,16.25,descending,268.33572
62.25,16.5,descending,267.19855
62.25,16.75,descending,264.4075
62.25,17.0,descending,257.5757
62.25,17.25,descending,245.21768
62.25,17.5,descending,231.46817
62.25,17.75,descending,216.09082
62.25,18.0,descending,203.77167
62.25,18.25,descending,197.89091
62.25,18.5,descending,194.06
62.25,18.75,descending,192.8675
62.25,19.0,descending,192.11916
62.25,19.25,descending,193.15
62.25,19.5,descending,192.90332
62.25,19.75,descending,192.32182
62.25,20.0,descending,192.57635
62.25,20.25,descending,192.26
62.25,20.5,descending,193.56728
62.25,20.75,descending,199.08727
62.25,21.0,descending,210.06728
62.25,21.25,descending,228.71715
62.25,21.5,descending,246.24583
62.25,21.75,descending,258.14
62.25,22.0,descending,263.92084
62.25,22.25,descending,265.6693
62.25,22.5,descending,266.185
62.25,22.75,descending,265.2669
62.25,23.0,descending,263.83707
62.25,23.25,descending,262.10614
62.25,23.5,descending,260.95645
62.25,23.75,descending,259.9105
62.25,24.0,descending,259.69922
62.25,24.25,descending,259.0414
62.25,24.5,descending,258.40665
62.25,24.75,descending,259.26663
62.25,25.0,descending,259.66748
62.25,25.25,descending,259.085
62.25,25.5,descending,256.63397
62.25,25.75,descending,254.06999
62.25,26.0,descending,253.04498
62.25,26.25,descending,254.2325
62.25,26.5,descending,255.07999
62.25,26.75,descending,254.69199
62.25,27.0,descending,254.022
62.25,27.25,descending,253.57666
62.25,27.5,descending,253.66199
62.25,27.75,descending,253.32332
62.25,28.0,descending,251.376
62.25,28.25,descending,248.1675
62.25,28.5,descending,245.985
62.25,28.75,descending,243.945
62.25,29.0,descending,242.73665
62.25,29.25,descending,240.896
62.25,29.5,descending,248.12776
62.25,29.75,descending,250.3341
62.25,30.0,descending,253.11066
62.25,30.25,descending,256.49997
62.25,30.5,descending,259.56833
62.25,30.75,descending,260.2369
62.25,31.0,descending,261.44272
62.25,31.25,descending,260.91272
62.25,31.5,descending,261.301
62.25,31.75,descending,261.362
62.25,32.0,descending,261.85416
62.25,32.25,descending,262.499
62.25,32.5,descending,261.93698
62.25,32.75,descending,260.263
62.25,33.0,descending,259.21887
62.25,33.25,descending,256.886
62.25,33.5,descending,256.0391
62.25,33.75,descending,255.4925
62.25,34.0,descending,253.685
62.25,34.25,descending,249.358
62.25,34.5,descending,242.78111
62.25,34.75,descending,236.08112
62.25,35.0,descending,227.03667
62.25,35.25,descending,222.9825
62.25,35.5,descending,221.98299
62.25,35.75,descending,228.84874
62.25,36.0,descending,237.76749
62.25,36.25,descending,249.60625
62.25,36.5,descending,254.24445
62.25,36.75,descending,257.518
62.25,37.0,descending,260.695
62.25,37.25,descending,263.21
62.25,37.5,descending,265.83777
62.25,37.75,descending,266.10284
62.25,38.0,descending,265.62833
62.5,-13.0,descending,181.625
62.5,-12.75,descending,181.5125
62.5,-12.5,descending,181.3225
62.5,-12.25,descending,181.35
62.5,-12.0,descending,181.4825
62.5,-11.75,descending,181.61333
62.5,-11.5,descending,181.776
62.5,-11.25,descending,181.9375
62.5,-11.0,descending,182.008
62.5,-10.75,descending,181.965
62.5,-10.5,descending,181.93
62.5,-10.25,descending,181.97499
62.5,-10.0,descending,182.07199
62.5,-9.75,descending,182.08667
62.5,-9.5,descending,182.045
62.5,-9.25,descending,181.978
62.5,-9.0,descending,181.87917
62.5,-8.75,descending,181.85236
62.5,-8.5,descending,181.88713
62.5,-8.25,descending,182.0125
62.5,-8.0,descending,182.66333
62.5,-7.75,descending,184.18307
62.5,-7.5,descending,187.28833
62.5,-7.25,descending,191.59917
62.5,-7.0,descending,194.0523
62.5,-6.75,descending,194.43307
62.5,-6.5,descending,192.82545
62.5,-6.25,descending,190.61636
62.5,-6.0,descending,187.80429
62.5,-5.75,descending,186.01271
62.5,-5.5,descending,184.34583
62.5,-5.25,descending,183.45636
62.5,-5.0,descending,182.9669
62.5,-4.75,descending,182.73
62.5,-4.5,descending,182.54637
62.5,-4.25,descending,182.46231
62.5,-4.0,descending,182.38332
62.5,-3.75,descending,182.29181
62.5,-3.5,descending,182.25417
62.5,-3.25,descending,182.50143
62.5,-3.0,descending,182.495
62.5,-2.75,descending,182.59544
62.5,-2.5,descending,182.57857
62.5,-2.25,descending,182.85692
62.5,-2.0,descending,182.79857
62.5,-1.75,descending,182.86615
62.5,-1.5,descending,183.13667
62.5,-1.25,descending,183.134
62.5,-1.0,descending,183.29813
62.5,-0.75,descending,183.62234
62.5,-0.5,descending,183.638
62.5,-0.25,descending,183.689
62.5,-0.0,descending,184.09125
62.5,0.25,descending,184.42749
62.5,0.5,descending,184.608
62.5,0.75,descending,185.05
62.5,1.0,descending,185.646
62.5,1.25,descending,186.64333
62.5,1.5,descending,186.8925
62.5,1.75,descending,188.05334
62.5,2.0,descending,189.34999
62.5,2.25,descending,190.17
62.5,2.5,descending,191.26799
62.5,2.75,descending,190.9975
62.5,3.0,descending,191.245
62.5,3.25,descending,190.558
62.5,3.5,descending,190.96999
62.5,3.75,descending,191.82999
62.5,4.0,descending,193.48749
62.5,4.25,descending,195.6875
62.5,4.5,descending,197.48749
62.5,4.75,descending,199.3175
62.5,5.0,descending,203.02798
62.5,5.25,descending,208.38
62.5,5.5,descending,217.02249
62.5,5.75,descending,223.02666
62.5,6.0,descending,230.785
62.5,6.25,descending,240.935
62.5,6.5,descending,246.30333
62.5,6.75,descending,250.618
62.5,7.0,descending,254.42334
62.5,7.25,descending,256.1025
62.5,7.5,descending,258.535
62.5,7.75,descending,260.82748
62.5,8.0,descending,262.246
62.5,8.25,descending,263.67
62.5,8.5,descending,263.982
62.5,8.75,descending,264.37
62.5,9.0,descending,264.69333
62.5,9.25,descending,265.03998
62.5,9.5,descending,265.3975
62.5,9.75,descending,265.565
62.5,10.0,descending,265.735
62.5,10.25,descending,265.9275
62.5,10.5,descending,266.41
62.5,10.75,descending,266.73248
62.5,11.0,descending,266.498
62.5,11.25,descending,264.84
62.5,11.5,descending,262.6525
62.5,11.75,descending,260.476
62.5,12.0,descending,259.8225
62.5,12.25,descending,261.122
62.5,12.5,descending,263.025
62.5,12.75,descending,264.6725
62.5,13.0,descending,266.18668
62.5,13.25,descending,267.4375
62.5,13.5,descending,268.3475
62.5,13.75,descending,268.706
62.5,14.0,descending,268.5275
62.5,14.25,descending,268.01398
62.5,14.5,descending,267.425
62.5,14.75,descending,266.714
62.5,15.0,descending,266.41498
62.5,15.25,descending,266.65665
62.5,15.5,descending,267.236
62.5,15.75,descending,268.0006
62.5,16.0,descending,267.94666
62.5,16.25,descending,267.95688
62.5,16.5,descending,267.34714
62.5,16.75,descending,265.76154
62.5,17.0,descending,262.10233
62.5,17.25,descending,253.09462
62.5,17.5,descending,241.60071
62.5,17.75,descending,227.997
62.5,18.0,descending,215.62572
62.5,18.25,descending,202.66833
62.5,18.5,descending,197.3
62.5,18.75,descending,193.37636
62.5,19.0,descending,192.68214
62.5,19.25,descending,191.95181
62.5,19.5,descending,192.20833
62.5,19.75,descending,191.71
62.5,20.0,descending,191.73582
62.5,20.25,descending,191.69362
62.5,20.5,descending,193.9925
62.5,20.75,descending,201.65692
62.5,21.0,descending,217.86665
62.5,21.25,descending,233.6911
62.5,21.5,descending,248.67857
62.5,21.75,descending,258.4625
62.5,22.0,descending,264.0493
62.5,22.25,descending,266.50363
62.5,22.5,descending,266.65466
62.5,22.75,descending,265.96332
62.5,23.0,descending,265.0
62.5,23.25,descending,263.9407
62.5,23.5,descending,262.8847
62.5,23.75,descending,262.12534
62.5,24.0,descending,261.63333
62.5,24.25,descending,261.8922
62.5,24.5,descending,261.59818
62.5,24.75,descending,261.10333
62.5,25.0,descending,260.775
62.5,25.25,descending,260.3925
62.5,25.5,descending,258.81198
62.5,25.75,descending,256.6125
62.5,26.0,descending,254.355
62.5,26.25,descending,253.19199
62.5,26.5,descending,254.03
62.5,26.75,descending,255.13
62.5,27.0,descending,255.3225
62.5,27.25,descending,254.5875
62.5,27.5,descending,253.06999
62.5,27.75,descending,252.078
62.5,28.0,descending,250.6825
62.5,28.25,descending,249.50749
62.5,28.5,descending,248.19
62.5,28.75,descending,247.0775
62.5,29.0,descending,245.122
62.5,29.25,descending,242.68
62.5,29.5,descending,245.20714
62.5,29.75,descending,249.745
62.5,30.0,descending,252.32533
62.5,30.25,descending,256.10922
62.5,30.5,descending,259.26666
62.5,30.75,descending,261.585
62.5,31.0,descending,261.62213
62.5,31.25,descending,261.61
62.5,31.5,descending,262.02414
62.5,31.75,descending,261.95636
62.5,32.0,descending,262.07272
62.5,32.25,descending,261.94
62.5,32.5,descending,261.93298
62.5,32.75,descending,261.76453
62.5,33.0,descending,260.48416
62.5,33.25,descending,259.08444
62.5,33.5,descending,256.83698
62.5,33.75,descending,254.3709
62.5,34.0,descending,251.85
62.5,34.25,descending,248.69
62.5,34.5,descending,244.05817
62.5,34.75,descending,239.55875
62.5,35.0,descending,237.57332
62.5,35.25,descending,235.59299
62.5,35.5,descending,234.22333
62.5,35.75,descending,238.715
62.5,36.0,descending,245.51443
62.5,36.25,descending,252.231
62.5,36.5,descending,256.65375
62.5,36.75,descending,257.21375
62.5,37.0,descending,258.32547
62.5,37.25,descending,261.4757
62.5,37.5,descending,263.862
62.5,37.75,descending,265.20142
62.5,38.0,descending,265.57333
62.75,-13.0,descending,181.37999
62.75,-12.75,descending,181.308
62.75,-12.5,descending,181.20332
62.75,-12.25,descending,181.21999
62.75,-12.0,descending,181.326
62.75,-11.75,descending,181.45499
62.75,-11.5,descending,181.5325
62.75,-11.25,descending,181.6525
62.75,-11.0,descending,181.63
62.75,-10.75,descending,181.582
62.75,-10.5,descending,181.5425
62.75,-10.25,descending,181.596
62.75,-10.0,descending,181.6725
62.75,-9.75,descending,181.67332
62.75,-9.5,descending,181.59799
62.75,-9.25,descending,181.5275
62.75,-9.0,descending,181.80637
62.75,-8.75,descending,181.89624
62.75,-8.5,descending,181.87529
62.75,-8.25,descending,181.85571
62.75,-8.0,descending,181.95
62.75,-7.75,descending,182.35768
62.75,-7.5,descending,183.40572
62.75,-7.25,descending,183.8725
62.75,-7.0,descending,184.92749
62.75,-6.75,descending,183.9918
62.75,-6.5,descending,184.12917
62.75,-6.25,descending,183.77501
62.75,-6.0,descending,183.172
62.75,-5.75,descending,182.8809
62.75,-5.5,descending,182.4575
62.75,-5.25,descending,182.15546
62.75,-5.0,descending,182.013
62.75,-4.75,descending,181.983
62.75,-4.5,descending,182.11273
62.75,-4.25,descending,182.131
62.75,-4.0,descending,182.25092
62.75,-3.75,descending,182.31084
62.75,-3.5,descending,182.46364
62.75,-3.25,descending,182.26999
62.75,-3.0,descending,182.34082
62.75,-2.75,descending,182.30301
62.75,-2.5,descending,182.3725
62.75,-2.25,descending,182.11539
62.75,-2.0,descending,182.42271
62.75,-1.75,descending,182.13153
62.75,-1.5,descending,182.085
62.75,-1.25,descending,182.29614
62.75,-1.0,descending,182.298
62.75,-0.75,descending,182.59785
62.75,-0.5,descending,182.76312
62.75,-0.25,descending,182.96277
62.75,-0.0,descending,185.107
62.75,0.25,descending,182.58142
62.75,0.5,descending,182.4925
62.75,0.75,descending,183.2925
62.75,1.0,descending,183.38199
62.75,1.25,descending,184.23799
62.75,1.5,descending,184.535
62.75,1.75,descending,185.92
62.75,2.0,descending,186.41599
62.75,2.25,descending,187.575
62.75,2.5,descending,188.08499
62.75,2.75,descending,188.5
62.75,3.0,descending,189.048
62.75,3.25,descending,189.00667
62.75,3.5,descending,189.6925
62.75,3.75,descending,190.41
62.75,4.0,descending,191.635
62.75,4.25,descending,193.81999
62.75,4.5,descending,195.4175
62.75,4.75,descending,197.17749
62.75,5.0,descending,197.84666
62.75,5.25,descending,198.728
62.75,5.5,descending,203.6075
62.75,5.75,descending,206.9475
62.75,6.0,descending,213.1875
62.75,6.25,descending,221.07748
62.75,6.5,descending,228.88399
62.75,6.75,descending,235.68999
62.75,7.0,descending,244.898
62.75,7.25,descending,248.41667
62.75,7.5,descending,252.30801
62.75,7.75,descending,255.73332
62.75,8.0,descending,257.92667
62.75,8.25,descending,259.562
62.75,8.5,descending,261.52
62.75,8.75,descending,263.18997
62.75,9.0,descending,264.242
62.75,9.25,descending,264.94
62.75,9.5,descending,265.42334
62.75,9.75,descending,265.732
62.75,10.0,descending,265.85
62.75,10.25,descending,265.80334
62.75,10.5,descending,265.815
62.75,10.75,descending,265.8425
62.75,11.0,descending,265.535
62.75,11.25,descending,264.8633
62.75,11.5,descending,263.13
62.75,11.75,descending,261.7475
62.75,12.0,descending,261.2
62.75,12.25,descending,261.7825
62.75,12.5,descending,262.86398
62.75,12.75,descending,263.985
62.75,13.0,descending,264.99
62.75,13.25,descending,266.09
62.75,13.5,descending,266.744
62.75,13.75,descending,267.35248
62.75,14.0,descending,266.814
62.75,14.25,descending,265.66498
62.75,14.5,descending,264.712
62.75,14.75,descending,264.4275
62.75,15.0,descending,264.54333
62.75,15.25,descending,265.152
62.75,15.5,descending,266.22748
62.75,15.75,descending,266.75232
62.75,16.0,descending,266.76813
62.75,16.25,descending,266.8806
62.75,16.5,descending,266.72266
62.75,16.75,descending,266.48416
62.75,17.0,descending,265.30768
62.75,17.25,descending,261.51166
62.75,17.5,descending,256.05182
62.75,17.75,descending,243.38857
62.75,18.0,descending,229.19362
62.75,18.25,descending,218.3309
62.75,18.5,descending,207.07666
62.75,18.75,descending,198.14333
62.75,19.0,descending,194.47125
62.75,19.25,descending,192.54001
62.75,19.5,descending,192.38832
62.75,19.75,descending,191.11665
62.75,20.0,descending,190.82999
62.75,20.25,descending,191.03583
62.75,20.5,descending,194.3809
62.75,20.75,descending,202.589
62.75,21.0,descending,219.22417
62.75,21.25,descending,235.48271
62.75,21.5,descending,250.63101
62.75,21.75,descending,258.56363
62.75,22.0,descending,264.21414
62.75,22.25,descending,266.58
62.75,22.5,descending,266.7909
62.75,22.75,descending,266.3925
62.75,23.0,descending,265.6607
62.75,23.25,descending,264.8407
62.75,23.5,descending,264.18082
62.75,23.75,descending,263.56927
62.75,24.0,descending,263.15527
62.75,24.25,descending,263.08072
62.75,24.5,descending,262.5805
62.75,24.75,descending,261.544
62.75,25.0,descending,260.76498
62.75,25.25,descending,260.06
62.75,25.5,descending,258.17798
62.75,25.75,descending,255.94
62.75,26.0,descending,253.82999
62.75,26.25,descending,251.54668
62.75,26.5,descending,250.7225
62.75,26.75,descending,251.04749
62.75,27.0,descending,253.02332
62.75,27.25,descending,252.86398
62.75,27.5,descending,251.45
62.75,27.75,descending,249.7825
62.75,28.0,descending,249.0875
62.75,28.25,descending,249.32199
62.75,28.5,descending,249.66333
62.75,28.75,descending,249.4075
62.75,29.0,descending,248.73
62.75,29.25,descending,246.825
62.75,29.5,descending,243.43
62.75,29.75,descending,251.62175
62.75,30.0,descending,254.18932
62.75,30.25,descending,255.90642
62.75,30.5,descending,258.45847
62.75,30.75,descending,259.75
62.75,31.0,descending,260.80667
62.75,31.25,descending,260.4075
62.75,31.5,descending,261.03818
62.75,31.75,descending,260.74417
62.75,32.0,descending,260.77454
62.75,32.25,descending,260.966
62.75,32.5,descending,260.91
62.75,32.75,descending,260.95886
62.75,33.0,descending,260.784
62.75,33.25,descending,260.20444
62.75,33.5,descending,259.42224
62.75,33.75,descending,256.39886
62.75,34.0,descending,253.87665
62.75,34.25,descending,250.31699
62.75,34.5,descending,246.09373
62.75,34.75,descending,241.81334
62.75,35.0,descending,239.86334
62.75,35.25,descending,241.13374
62.75,35.5,descending,243.24374
62.75,35.75,descending,247.9675
62.75,36.0,descending,251.4322
62.75,36.25,descending,256.785
62.75,36.5,descending,258.5011
62.75,36.75,descending,259.3175
62.75,37.0,descending,260.2875
62.75,37.25,descending,261.64667
62.75,37.5,descending,263.22998
62.75,37.75,descending,264.6378
62.75,38.0,descending,265.5925
63.0,-13.0,descending,181.135
63.0,-12.75,descending,181.1275
63.0,-12.5,descending,181.11
63.0,-12.25,descending,181.14749
63.0,-12.0,descending,181.2
63.0,-11.75,descending,181.22
63.0,-11.5,descending,181.215
63.0,-11.25,descending,181.2
63.0,-11.0,descending,181.178
63.0,-10.75,descending,181.165
63.0,-10.5,descending,181.206
63.0,-10.25,descending,181.285
63.0,-10.0,descending,181.36
63.0,-9.75,descending,181.37334
63.0,-9.5,descending,181.3475
63.0,-9.25,descending,181.366
63.0,-9.0,descending,181.67125
63.0,-8.75,descending,181.79388
63.0,-8.5,descending,181.89357
63.0,-8.25,descending,181.9923
63.0,-8.0,descending,182.0657
63.0,-7.75,descending,182.17538
63.0,-7.5,descending,182.26923
63.0,-7.25,descending,182.52
63.0,-7.0,descending,182.20082
63.0,-6.75,descending,181.94545
63.0,-6.5,descending,181.535
63.0,-6.25,descending,181.34749
63.0,-6.0,descending,181.2925
63.0,-5.75,descending,181.24635
63.0,-5.5,descending,181.29181
63.0,-5.25,descending,181.24818
63.0,-5.0,descending,181.30182
63.0,-4.75,descending,181.42583
63.0,-4.5,descending,181.49727
63.0,-4.25,descending,181.59248
63.0,-4.0,descending,181.77333
63.0,-3.75,descending,181.92091
63.0,-3.5,descending,182.23273
63.0,-3.25,descending,182.13
63.0,-3.0,descending,182.2154
63.0,-2.75,descending,182.08545
63.0,-2.5,descending,182.0346
63.0,-2.25,descending,182.14818
63.0,-2.0,descending,181.9177
63.0,-1.75,descending,182.04727
63.0,-1.5,descending,181.84856
63.0,-1.25,descending,181.83865
63.0,-1.0,descending,181.78667
63.0,-0.75,descending,181.8223
63.0,-0.5,descending,181.89352
63.0,-0.25,descending,182.02399
63.0,-0.0,descending,183.802
63.0,0.25,descending,182.18333
63.0,0.5,descending,182.10272
63.0,0.75,descending,181.67499
63.0,1.0,descending,181.736
63.0,1.25,descending,182.01999
63.0,1.5,descending,182.345
63.0,1.75,descending,183.208
63.0,2.0,descending,183.555
63.0,2.25,descending,185.03
63.0,2.5,descending,185.384
63.0,2.75,descending,186.7
63.0,3.0,descending,186.68333
63.0,3.25,descending,187.06749
63.0,3.5,descending,187.885
63.0,3.75,descending,188.06198
63.0,4.0,descending,189.4375
63.0,4.25,descending,190.59999
63.0,4.5,descending,192.28749
63.0,4.75,descending,194.18333
63.0,5.0,descending,194.808
63.0,5.25,descending,194.93
63.0,5.5,descending,196.515
63.0,5.75,descending,197.44
63.0,6.0,descending,198.95499
63.0,6.25,descending,205.09
63.0,6.5,descending,208.02249
63.0,6.75,descending,215.195
63.0,7.0,descending,224.48499
63.0,7.25,descending,232.92499
63.0,7.5,descending,236.8125
63.0,7.75,descending,245.7475
63.0,8.0,descending,249.805
63.0,8.25,descending,251.93
63.0,8.5,descending,257.1025
63.0,8.75,descending,260.335
63.0,9.0,descending,262.4925
63.0,9.25,descending,264.1975
63.0,9.5,descending,264.8225
63.0,9.75,descending,265.00333
63.0,10.0,descending,264.93198
63.0,10.25,descending,265.12
63.0,10.5,descending,264.9325
63.0,10.75,descending,264.8025
63.0,11.0,descending,264.865
63.0,11.25,descending,264.502
63.0,11.5,descending,263.445
63.0,11.75,descending,262.69998
63.0,12.0,descending,262.41
63.0,12.25,descending,262.522
63.0,12.5,descending,263.01752
63.0,12.75,descending,263.412
63.0,13.0,descending,263.85248
63.0,13.25,descending,264.41666
63.0,13.5,descending,264.74667
63.0,13.75,descending,264.684
63.0,14.0,descending,263.47498
63.0,14.25,descending,261.824
63.0,14.5,descending,261.3875
63.0,14.75,descending,262.08
63.0,15.0,descending,263.152
63.0,15.25,descending,264.31
63.0,15.5,descending,265.63397
63.0,15.75,descending,266.2211
63.0,16.0,descending,266.45764
63.0,16.25,descending,266.7557
63.0,16.5,descending,266.9814
63.0,16.75,descending,267.072
63.0,17.0,descending,266.65714
63.0,17.25,descending,265.32547
63.0,17.5,descending,261.94537
63.0,17.75,descending,257.38165
63.0,18.0,descending,247.68727
63.0,18.25,descending,235.54001
63.0,18.5,descending,224.15909
63.0,18.75,descending,212.86198
63.0,19.0,descending,202.75922
63.0,19.25,descending,197.12166
63.0,19.5,descending,193.48749
63.0,19.75,descending,191.65819
63.0,20.0,descending,190.30615
63.0,20.25,descending,190.374
63.0,20.5,descending,193.10272
63.0,20.75,descending,200.97667
63.0,21.0,descending,210.64818
63.0,21.25,descending,227.85999
63.0,21.5,descending,244.092
63.0,21.75,descending,252.51923
63.0,22.0,descending,260.45364
63.0,22.25,descending,264.46582
63.0,22.5,descending,265.9209
63.0,22.75,descending,266.22357
63.0,23.0,descending,265.68182
63.0,23.25,descending,264.69998
63.0,23.5,descending,263.77365
63.0,23.75,descending,263.2775
63.0,24.0,descending,263.56927
63.0,24.25,descending,263.4357
63.0,24.5,descending,262.50626
63.0,24.75,descending,260.7156
63.0,25.0,descending,259.1295
63.0,25.25,descending,257.50998
63.0,25.5,descending,256.486
63.0,25.75,descending,254.8725
63.0,26.0,descending,252.78198
63.0,26.25,descending,250.8675
63.0,26.5,descending,249.695
63.0,26.75,descending,249.54
63.0,27.0,descending,250.23799
63.0,27.25,descending,251.0625
63.0,27.5,descending,250.6575
63.0,27.75,descending,249.538
63.0,28.0,descending,249.02249
63.0,28.25,descending,249.81999
63.0,28.5,descending,251.50499
63.0,28.75,descending,251.85748
63.0,29.0,descending,252.1975
63.0,29.25,descending,250.7175
63.0,29.5,descending,247.36198
63.0,29.75,descending,254.68307
63.0,30.0,descending,255.05875
63.0,30.25,descending,256.335
63.0,30.5,descending,257.444
63.0,30.75,descending,258.60333
63.0,31.0,descending,259.52
63.0,31.25,descending,260.298
63.0,31.5,descending,260.0675
63.0,31.75,descending,260.2218
63.0,32.0,descending,259.08197
63.0,32.25,descending,258.73907
63.0,32.5,descending,258.124
63.0,32.75,descending,257.5822
63.0,33.0,descending,257.05402
63.0,33.25,descending,257.248
63.0,33.5,descending,255.806
63.0,33.75,descending,257.78445
63.0,34.0,descending,256.61398
63.0,34.25,descending,255.70888
63.0,34.5,descending,252.43599
63.0,34.75,descending,249.89499
63.0,35.0,descending,248.03334
63.0,35.25,descending,248.81499
63.0,35.5,descending,251.30556
63.0,35.75,descending,255.16899
63.0,36.0,descending,257.663
63.0,36.25,descending,259.79
63.0,36.5,descending,261.246
63.0,36.75,descending,261.0975
63.0,37.0,descending,262.0422
63.0,37.25,descending,262.82623
63.0,37.5,descending,263.97223
63.0,37.75,descending,264.3322
63.0,38.0,descending,264.564
63.25,-13.0,descending,180.95667
63.25,-12.75,descending,180.98332
63.25,-12.5,descending,181.00499
63.25,-12.25,descending,181.022
63.25,-12.0,descending,181.05249
63.25,-11.75,descending,180.99333
63.25,-11.5,descending,180.896
63.25,-11.25,descending,180.81
63.25,-11.0,descending,180.7625
63.25,-10.75,descending,180.782
63.25,-10.5,descending,180.8575
63.25,-10.25,descending,180.972
63.25,-10.0,descending,181.06749
63.25,-9.75,descending,181.12666
63.25,-9.5,descending,181.186
63.25,-9.25,descending,181.27249
63.25,-9.0,descending,181.44499
63.25,-8.75,descending,181.49625
63.25,-8.5,descending,181.72786
63.25,-8.25,descending,181.884
63.25,-8.0,descending,182.17285
63.25,-7.75,descending,182.34616
63.25,-7.5,descending,182.38165
63.25,-7.25,descending,182.314
63.25,-7.0,descending,182.06845
63.25,-6.75,descending,181.84999
63.25,-6.5,descending,181.44308
63.25,-6.25,descending,181.2409
63.25,-6.0,descending,181.03099
63.25,-5.75,descending,180.98
63.25,-5.5,descending,180.85083
63.25,-5.25,descending,180.81
63.25,-5.0,descending,180.86908
63.25,-4.75,descending,180.94818
63.25,-4.5,descending,181.0091
63.25,-4.25,descending,181.14667
63.25,-4.0,descending,181.18199
63.25,-3.75,descending,181.40416
63.25,-3.5,descending,181.31181
63.25,-3.25,descending,181.55333
63.25,-3.0,descending,181.508
63.25,-2.75,descending,181.6009
63.25,-2.5,descending,181.64917
63.25,-2.25,descending,181.62999
63.25,-2.0,descending,181.64
63.25,-1.75,descending,181.59917
63.25,-1.5,descending,181.57362
63.25,-1.25,descending,181.55583
63.25,-1.0,descending,181.50667
63.25,-0.75,descending,181.46333
63.25,-0.5,descending,181.36665
63.25,-0.25,descending,181.405
63.25,-0.0,descending,183.35646
63.25,0.25,descending,181.54822
63.25,0.5,descending,181.65352
63.25,0.75,descending,181.62312
63.25,1.0,descending,181.40111
63.25,1.25,descending,180.93
63.25,1.5,descending,181.21999
63.25,1.75,descending,181.1825
63.25,2.0,descending,181.63
63.25,2.25,descending,182.39249
63.25,2.5,descending,182.58333
63.25,2.75,descending,183.9725
63.25,3.0,descending,184.45499
63.25,3.25,descending,184.805
63.25,3.5,descending,185.502
63.25,3.75,descending,185.68333
63.25,4.0,descending,185.98499
63.25,4.25,descending,187.3675
63.25,4.5,descending,188.15999
63.25,4.75,descending,189.62
63.25,5.0,descending,190.17499
63.25,5.25,descending,191.09666
63.25,5.5,descending,192.25
63.25,5.75,descending,191.9325
63.25,6.0,descending,192.07666
63.25,6.25,descending,194.3725
63.25,6.5,descending,195.225
63.25,6.75,descending,198.63666
63.25,7.0,descending,205.41
63.25,7.25,descending,212.02998
63.25,7.5,descending,217.25499
63.25,7.75,descending,228.92665
63.25,8.0,descending,234.03
63.25,8.25,descending,241.31749
63.25,8.5,descending,249.99666
63.25,8.75,descending,253.8775
63.25,9.0,descending,257.59
63.25,9.25,descending,259.94
63.25,9.5,descending,261.09
63.25,9.75,descending,261.175
63.25,10.0,descending,261.02002
63.25,10.25,descending,260.6425
63.25,10.5,descending,260.85748
63.25,10.75,descending,261.66498
63.25,11.0,descending,263.04498
63.25,11.25,descending,263.91248
63.25,11.5,descending,263.87598
63.25,11.75,descending,263.13998
63.25,12.0,descending,262.36
63.25,12.25,descending,261.77664
63.25,12.5,descending,261.628
63.25,12.75,descending,261.985
63.25,13.0,descending,262.508
63.25,13.25,descending,263.0925
63.25,13.5,descending,263.43
63.25,13.75,descending,262.57333
63.25,14.0,descending,260.65
63.25,14.25,descending,259.175
63.25,14.5,descending,260.262
63.25,14.75,descending,262.21664
63.25,15.0,descending,263.6175
63.25,15.25,descending,264.76
63.25,15.5,descending,265.6775
63.25,15.75,descending,266.63284
63.25,16.0,descending,267.1456
63.25,16.25,descending,267.56427
63.25,16.5,descending,267.745
63.25,16.75,descending,267.92615
63.25,17.0,descending,267.81784
63.25,17.25,descending,267.25845
63.25,17.5,descending,266.29538
63.25,17.75,descending,264.2609
63.25,18.0,descending,258.70273
63.25,18.25,descending,254.26727
63.25,18.5,descending,241.65273
63.25,18.75,descending,231.57
63.25,19.0,descending,221.54999
63.25,19.25,descending,208.48111
63.25,19.5,descending,202.04364
63.25,19.75,descending,195.549
63.25,20.0,descending,192.01498
63.25,20.25,descending,190.45546
63.25,20.5,descending,191.254
63.25,20.75,descending,195.733
63.25,21.0,descending,205.392
63.25,21.25,descending,215.19362
63.25,21.5,descending,225.5175
63.25,21.75,descending,239.887
63.25,22.0,descending,245.85999
63.25,22.25,descending,255.53923
63.25,22.5,descending,261.65497
63.25,22.75,descending,264.476
63.25,23.0,descending,265.11166
63.25,23.25,descending,263.91
63.25,23.5,descending,262.82922
63.25,23.75,descending,262.87
63.25,24.0,descending,263.39917
63.25,24.25,descending,263.55865
63.25,24.5,descending,262.29733
63.25,24.75,descending,260.42075
63.25,25.0,descending,258.348
63.25,25.25,descending,256.98352
63.25,25.5,descending,256.23438
63.25,25.75,descending,255.68571
63.25,26.0,descending,254.31999
63.25,26.25,descending,252.86499
63.25,26.5,descending,252.67
63.25,26.75,descending,252.055
63.25,27.0,descending,252.575
63.25,27.25,descending,253.4175
63.25,27.5,descending,253.48001
63.25,27.75,descending,253.58667
63.25,28.0,descending,252.59001
63.25,28.25,descending,252.67249
63.25,28.5,descending,254.14499
63.25,28.75,descending,254.68
63.25,29.0,descending,253.83499
63.25,29.25,descending,251.59999
63.25,29.5,descending,248.73665
63.25,29.75,descending,251.61613
63.25,30.0,descending,253.03561
63.25,30.25,descending,255.48932
63.25,30.5,descending,257.24332
63.25,30.75,descending,258.8969
63.25,31.0,descending,260.22546
63.25,31.25,descending,260.77615
63.25,31.5,descending,261.7211
63.25,31.75,descending,260.57666
63.25,32.0,descending,260.292
63.25,32.25,descending,258.6218
63.25,32.5,descending,257.302
63.25,32.75,descending,255.56888
63.25,33.0,descending,252.84816
63.25,33.25,descending,250.4411
63.25,33.5,descending,247.78334
63.25,33.75,descending,249.283
63.25,34.0,descending,249.81375
63.25,34.25,descending,252.94499
63.25,34.5,descending,252.75111
63.25,34.75,descending,253.12375
63.25,35.0,descending,253.17499
63.25,35.25,descending,254.51443
63.25,35.5,descending,256.62778
63.25,35.75,descending,259.26123
63.25,36.0,descending,260.72998
63.25,36.25,descending,261.737
63.25,36.5,descending,262.3975
63.25,36.75,descending,262.695
63.25,37.0,descending,263.21
63.25,37.25,descending,263.73285
63.25,37.5,descending,264.29666
63.25,37.75,descending,264.81888
63.25,38.0,descending,264.38333
63.5,-13.0,descending,180.95999
63.5,-12.75,descending,180.9775
63.5,-12.5,descending,180.985
63.5,-12.25,descending,180.95332
63.5,-12.0,descending,180.904
63.5,-11.75,descending,180.85999
63.5,-11.5,descending,180.78333
63.5,-11.25,descending,180.735
63.5,-11.0,descending,180.68
63.5,-10.75,descending,180.67499
63.5,-10.5,descending,180.72
63.5,-10.25,descending,180.80249
63.5,-10.0,descending,180.88998
63.5,-9.75,descending,180.96999
63.5,-9.5,descending,181.0425
63.5,-9.25,descending,181.142
63.5,-9.0,descending,181.2575
63.5,-8.75,descending,181.09856
63.5,-8.5,descending,181.33624
63.5,-8.25,descending,181.4493
63.5,-8.0,descending,181.75
63.5,-7.75,descending,181.84909
63.5,-7.5,descending,182.10306
63.5,-7.25,descending,182.14
63.5,-7.0,descending,182.10635
63.5,-6.75,descending,181.9109
63.5,-6.5,descending,181.62083
63.5,-6.25,descending,181.38272
63.5,-6.0,descending,181.17833
63.5,-5.75,descending,181.01544
63.5,-5.5,descending,180.90181
63.5,-5.25,descending,180.78273
63.5,-5.0,descending,180.71832
63.5,-4.75,descending,180.70444
63.5,-4.5,descending,180.75334
63.5,-4.25,descending,180.79
63.5,-4.0,descending,180.87222
63.5,-3.75,descending,180.81
63.5,-3.5,descending,180.845
63.5,-3.25,descending,180.88307
63.5,-3.0,descending,180.85364
63.5,-2.75,descending,180.877
63.5,-2.5,descending,180.86665
63.5,-2.25,descending,180.97182
63.5,-2.0,descending,180.99153
63.5,-1.75,descending,180.97908
63.5,-1.5,descending,181.10454
63.5,-1.25,descending,181.05333
63.5,-1.0,descending,181.07692
63.5,-0.75,descending,181.008
63.5,-0.5,descending,181.0025
63.5,-0.25,descending,180.98915
63.5,-0.0,descending,183.06262
63.5,0.25,descending,181.08
63.5,0.5,descending,181.15141
63.5,0.75,descending,181.27588
63.5,1.0,descending,181.20389
63.5,1.25,descending,181.22356
63.5,1.5,descending,180.87285
63.5,1.75,descending,180.555
63.5,2.0,descending,180.6925
63.5,2.25,descending,180.7525
63.5,2.5,descending,180.8125
63.5,2.75,descending,181.5425
63.5,3.0,descending,181.756
63.5,3.25,descending,182.4775
63.5,3.5,descending,182.7175
63.5,3.75,descending,182.9975
63.5,4.0,descending,184.0
63.5,4.25,descending,184.18399
63.5,4.5,descending,184.56
63.5,4.75,descending,185.6825
63.5,5.0,descending,185.885
63.5,5.25,descending,186.7825
63.5,5.5,descending,187.4675
63.5,5.75,descending,187.42499
63.5,6.0,descending,187.96799
63.5,6.25,descending,188.51
63.5,6.5,descending,188.6975
63.5,6.75,descending,189.785
63.5,7.0,descending,191.62
63.5,7.25,descending,195.01
63.5,7.5,descending,198.21333
63.5,7.75,descending,206.222
63.5,8.0,descending,215.29999
63.5,8.25,descending,222.6525
63.5,8.5,descending,234.22
63.5,8.75,descending,238.89499
63.5,9.0,descending,243.28
63.5,9.25,descending,246.815
63.5,9.5,descending,250.13249
63.5,9.75,descending,252.22499
63.5,10.0,descending,253.342
63.5,10.25,descending,251.3125
63.5,10.5,descending,251.79999
63.5,10.75,descending,254.53333
63.5,11.0,descending,257.5875
63.5,11.25,descending,261.26
63.5,11.5,descending,262.7225
63.5,11.75,descending,262.752
63.5,12.0,descending,261.7825
63.5,12.25,descending,260.515
63.5,12.5,descending,259.2175
63.5,12.75,descending,259.022
63.5,13.0,descending,260.15
63.5,13.25,descending,261.794
63.5,13.5,descending,262.6825
63.5,13.75,descending,262.18332
63.5,14.0,descending,261.09
63.5,14.25,descending,260.50998
63.5,14.5,descending,262.0125
63.5,14.75,descending,263.83
63.5,15.0,descending,265.034
63.5,15.25,descending,265.3075
63.5,15.5,descending,265.288
63.5,15.75,descending,265.62
63.5,16.0,descending,266.42813
63.5,16.25,descending,266.54373
63.5,16.5,descending,267.24734
63.5,16.75,descending,267.21927
63.5,17.0,descending,267.56082
63.5,17.25,descending,267.3175
63.5,17.5,descending,267.32462
63.5,17.75,descending,266.42307
63.5,18.0,descending,265.26248
63.5,18.25,descending,262.52274
63.5,18.5,descending,259.41272
63.5,18.75,descending,254.275
63.5,19.0,descending,243.93166
63.5,19.25,descending,234.01416
63.5,19.5,descending,222.802
63.5,19.75,descending,214.30899
63.5,20.0,descending,203.19635
63.5,20.25,descending,198.52
63.5,20.5,descending,193.01363
63.5,20.75,descending,194.555
63.5,21.0,descending,197.54909
63.5,21.25,descending,200.769
63.5,21.5,descending,206.18817
63.5,21.75,descending,213.65332
63.5,22.0,descending,224.824
63.5,22.25,descending,234.15819
63.5,22.5,descending,247.18817
63.5,22.75,descending,256.38617
63.5,23.0,descending,260.5418
63.5,23.25,descending,263.13
63.5,23.5,descending,263.4282
63.5,23.75,descending,263.97
63.5,24.0,descending,264.1331
63.5,24.25,descending,263.77615
63.5,24.5,descending,262.85
63.5,24.75,descending,261.47202
63.5,25.0,descending,260.22385
63.5,25.25,descending,259.32855
63.5,25.5,descending,258.4539
63.5,25.75,descending,258.31158
63.5,26.0,descending,258.82416
63.5,26.25,descending,257.136
63.5,26.5,descending,257.01663
63.5,26.75,descending,256.1425
63.5,27.0,descending,256.615
63.5,27.25,descending,256.57666
63.5,27.5,descending,257.925
63.5,27.75,descending,258.06
63.5,28.0,descending,257.125
63.5,28.25,descending,258.0
63.5,28.5,descending,257.88748
63.5,28.75,descending,257.65665
63.5,29.0,descending,256.318
63.5,29.25,descending,252.19334
63.5,29.5,descending,250.3525
63.5,29.75,descending,252.87624
63.5,30.0,descending,254.79132
63.5,30.25,descending,255.034
63.5,30.5,descending,256.8643
63.5,30.75,descending,258.03616
63.5,31.0,descending,259.33167
63.5,31.25,descending,260.9818
63.5,31.5,descending,261.7454
63.5,31.75,descending,262.61298
63.5,32.0,descending,262.32544
63.5,32.25,descending,261.119
63.5,32.5,descending,259.72
63.5,32.75,descending,256.949
63.5,33.0,descending,254.53554
63.5,33.25,descending,249.87453
63.5,33.5,descending,246.62555
63.5,33.75,descending,244.44444
63.5,34.0,descending,244.38298
63.5,34.25,descending,245.03888
63.5,34.5,descending,244.53198
63.5,34.75,descending,245.65898
63.5,35.0,descending,247.88445
63.5,35.25,descending,251.06499
63.5,35.5,descending,255.63556
63.5,35.75,descending,258.82
63.5,36.0,descending,260.61874
63.5,36.25,descending,261.40625
63.5,36.5,descending,261.95557
63.5,36.75,descending,262.25333
63.5,37.0,descending,262.6778
63.5,37.25,descending,263.25375
63.5,37.5,descending,263.71332
63.5,37.75,descending,264.65625
63.5,38.0,descending,265.11667
63.75,-13.0,descending,181.03
63.75,-12.75,descending,181.03
63.75,-12.5,descending,181.0425
63.75,-12.25,descending,180.99333
63.75,-12.0,descending,180.91
63.75,-11.75,descending,180.832
63.75,-11.5,descending,180.80249
63.75,-11.25,descending,180.81999
63.75,-11.0,descending,180.82332
63.75,-10.75,descending,180.778
63.75,-10.5,descending,180.7125
63.75,-10.25,descending,180.696
63.75,-10.0,descending,180.73665
63.75,-9.75,descending,180.795
63.75,-9.5,descending,180.876
63.75,-9.25,descending,180.92749
63.75,-9.0,descending,180.9725
63.75,-8.75,descending,180.68454
63.75,-8.5,descending,180.75436
63.75,-8.25,descending,180.9
63.75,-8.0,descending,180.98215
63.75,-7.75,descending,181.079
63.75,-7.5,descending,181.27214
63.75,-7.25,descending,181.31273
63.75,-7.0,descending,181.44273
63.75,-6.75,descending,181.2418
63.75,-6.5,descending,181.3391
63.75,-6.25,descending,181.08636
63.75,-6.0,descending,181.0725
63.75,-5.75,descending,180.95555
63.75,-5.5,descending,180.83499
63.75,-5.25,descending,180.79399
63.75,-5.0,descending,180.75444
63.75,-4.75,descending,180.70999
63.75,-4.5,descending,180.65083
63.75,-4.25,descending,180.60443
63.75,-4.0,descending,180.63
63.75,-3.75,descending,180.67332
63.75,-3.5,descending,180.659
63.75,-3.25,descending,180.65
63.75,-3.0,descending,180.53363
63.75,-2.75,descending,180.52727
63.75,-2.5,descending,180.43777
63.75,-2.25,descending,180.394
63.75,-2.0,descending,180.503
63.75,-1.75,descending,180.52556
63.75,-1.5,descending,180.57384
63.75,-1.25,descending,180.63777
63.75,-1.0,descending,180.5575
63.75,-0.75,descending,180.54
63.75,-0.5,descending,180.495
63.75,-0.25,descending,180.58333
63.75,-0.0,descending,183.97765
63.75,0.25,descending,180.64833
63.75,0.5,descending,180.68
63.75,0.75,descending,180.83499
63.75,1.0,descending,180.91934
63.75,1.25,descending,181.08571
63.75,1.5,descending,181.20349
63.75,1.75,descending,181.15636
63.75,2.0,descending,180.40799
63.75,2.25,descending,180.37666
63.75,2.5,descending,180.3725
63.75,2.75,descending,180.418
63.75,3.0,descending,180.405
63.75,3.25,descending,180.7275
63.75,3.5,descending,180.94331
63.75,3.75,descending,180.88335
63.75,4.0,descending,181.61398
63.75,4.25,descending,181.74333
63.75,4.5,descending,182.00499
63.75,4.75,descending,182.57999
63.75,5.0,descending,182.845
63.75,5.25,descending,183.87
63.75,5.5,descending,184.06334
63.75,5.75,descending,184.20749
63.75,6.0,descending,184.24666
63.75,6.25,descending,185.0275
63.75,6.5,descending,184.95499
63.75,6.75,descending,185.29668
63.75,7.0,descending,186.1275
63.75,7.25,descending,186.235
63.75,7.5,descending,188.13249
63.75,7.75,descending,190.55666
63.75,8.0,descending,199.13199
63.75,8.25,descending,205.37334
63.75,8.5,descending,213.79
63.75,8.75,descending,220.05
63.75,9.0,descending,223.415
63.75,9.25,descending,224.88667
63.75,9.5,descending,229.95499
63.75,9.75,descending,240.19331
63.75,10.0,descending,244.26749
63.75,10.25,descending,246.91249
63.75,10.5,descending,246.87666
63.75,10.75,descending,247.9325
63.75,11.0,descending,251.23999
63.75,11.25,descending,256.13333
63.75,11.5,descending,259.96664
63.75,11.75,descending,261.5125
63.75,12.0,descending,261.38397
63.75,12.25,descending,259.7
63.75,12.5,descending,257.97998
63.75,12.75,descending,256.8825
63.75,13.0,descending,257.636
63.75,13.25,descending,260.04498
63.75,13.5,descending,262.172
63.75,13.75,descending,262.62668
63.75,14.0,descending,262.31332
63.75,14.25,descending,262.4775
63.75,14.5,descending,263.63397
63.75,14.75,descending,264.92667
63.75,15.0,descending,265.26498
63.75,15.25,descending,264.52798
63.75,15.5,descending,263.6975
63.75,15.75,descending,263.6
63.75,16.0,descending,264.08398
63.75,16.25,descending,264.22
63.75,16.5,descending,264.86
63.75,16.75,descending,264.9718
63.75,17.0,descending,265.52078
63.75,17.25,descending,265.76416
63.75,17.5,descending,266.34665
63.75,17.75,descending,266.65363
63.75,18.0,descending,266.8591
63.75,18.25,descending,266.26584
63.75,18.5,descending,265.21075
63.75,18.75,descending,263.152
63.75,19.0,descending,261.055
63.75,19.25,descending,257.80698
63.75,19.5,descending,249.67818
63.75,19.75,descending,240.44545
63.75,20.0,descending,229.61223
63.75,20.25,descending,224.58667
63.75,20.5,descending,210.82364
63.75,20.75,descending,203.78099
63.75,21.0,descending,195.743
63.75,21.25,descending,193.92099
63.75,21.5,descending,194.35362
63.75,21.75,descending,195.81888
63.75,22.0,descending,201.254
63.75,22.25,descending,215.21999
63.75,22.5,descending,223.78699
63.75,22.75,descending,239.0211
63.75,23.0,descending,248.3018
63.75,23.25,descending,256.17908
63.75,23.5,descending,261.50833
63.75,23.75,descending,264.28
63.75,24.0,descending,265.34183
63.75,24.25,descending,265.51398
63.75,24.5,descending,264.87155
63.75,24.75,descending,264.28082
63.75,25.0,descending,263.64383
63.75,25.25,descending,262.8869
63.75,25.5,descending,262.10464
63.75,25.75,descending,261.82214
63.75,26.0,descending,261.46997
63.75,26.25,descending,261.52124
63.75,26.5,descending,261.75635
63.75,26.75,descending,260.2225
63.75,27.0,descending,260.15497
63.75,27.25,descending,259.8675
63.75,27.5,descending,260.16498
63.75,27.75,descending,260.3875
63.75,28.0,descending,260.6
63.75,28.25,descending,261.05002
63.75,28.5,descending,261.115
63.75,28.75,descending,260.78998
63.75,29.0,descending,260.10666
63.75,29.25,descending,257.47998
63.75,29.5,descending,256.4475
63.75,29.75,descending,257.166
63.75,30.0,descending,261.06067
63.75,30.25,descending,259.92065
63.75,30.5,descending,259.37
63.75,30.75,descending,258.03
63.75,31.0,descending,258.39417
63.75,31.25,descending,258.88846
63.75,31.5,descending,260.468
63.75,31.75,descending,262.02924
63.75,32.0,descending,262.7411
63.75,32.25,descending,262.70544
63.75,32.5,descending,261.5491
63.75,32.75,descending,259.073
63.75,33.0,descending,256.34555
63.75,33.25,descending,254.98
63.75,33.5,descending,251.7418
63.75,33.75,descending,250.77888
63.75,34.0,descending,249.07777
63.75,34.25,descending,246.27444
63.75,34.5,descending,243.75624
63.75,34.75,descending,241.92
63.75,35.0,descending,244.26498
63.75,35.25,descending,248.06375
63.75,35.5,descending,251.78375
63.75,35.75,descending,255.21222
63.75,36.0,descending,257.27667
63.75,36.25,descending,256.72446
63.75,36.5,descending,256.98248
63.75,36.75,descending,254.47667
63.75,37.0,descending,253.37888
63.75,37.25,descending,255.41
63.75,37.5,descending,254.14249
63.75,37.75,descending,259.7675
63.75,38.0,descending,260.918
64.0,-13.0,descending,180.98
64.0,-12.75,descending,180.94499
64.0,-12.5,descending,180.9775
64.0,-12.25,descending,180.98
64.0,-12.0,descending,180.91
64.0,-11.75,descending,180.84999
64.0,-11.5,descending,180.84799
64.0,-11.25,descending,180.89749
64.0,-11.0,descending,180.955
64.0,-10.75,descending,180.94666
64.0,-10.5,descending,180.79999
64.0,-10.25,descending,180.685
64.0,-10.0,descending,180.59001
64.0,-9.75,descending,180.556
64.0,-9.5,descending,180.5575
64.0,-9.25,descending,180.556
64.0,-9.0,descending,180.51332
64.0,-8.75,descending,180.28625
64.0,-8.5,descending,180.2175
64.0,-8.25,descending,180.30666
64.0,-8.0,descending,180.28749
64.0,-7.75,descending,180.47769
64.0,-7.5,descending,180.45091
64.0,-7.25,descending,180.53726
64.0,-7.0,descending,180.485
64.0,-6.75,descending,180.56125
64.0,-6.5,descending,180.56232
64.0,-6.25,descending,180.5557
64.0,-6.0,descending,180.601
64.0,-5.75,descending,180.611
64.0,-5.5,descending,180.64099
64.0,-5.25,descending,180.64223
64.0,-5.0,descending,180.60399
64.0,-4.75,descending,180.55124
64.0,-4.5,descending,180.50665
64.0,-4.25,descending,180.50499
64.0,-4.0,descending,180.48888
64.0,-3.75,descending,180.48999
64.0,-3.5,descending,180.483
64.0,-3.25,descending,180.49571
64.0,-3.0,descending,180.438
64.0,-2.75,descending,180.37555
64.0,-2.5,descending,180.34874
64.0,-2.25,descending,180.33112
64.0,-2.0,descending,180.4109
64.0,-1.75,descending,180.42778
64.0,-1.5,descending,180.48874
64.0,-1.25,descending,180.426
64.0,-1.0,descending,180.29999
64.0,-0.75,descending,180.323
64.0,-0.5,descending,180.181
64.0,-0.25,descending,180.178
64.0,-0.0,descending,188.18416
64.0,0.25,descending,180.23584
64.0,0.5,descending,180.28099
64.0,0.75,descending,180.38249
64.0,1.0,descending,180.52751
64.0,1.25,descending,180.8146
64.0,1.5,descending,180.90285
64.0,1.75,descending,181.21916
64.0,2.0,descending,181.26
64.0,2.25,descending,180.9
64.0,2.5,descending,180.34332
64.0,2.75,descending,180.3275
64.0,3.0,descending,180.24666
64.0,3.25,descending,180.21
64.0,3.5,descending,180.18999
64.0,3.75,descending,180.31
64.0,4.0,descending,180.28333
64.0,4.25,descending,180.4025
64.0,4.5,descending,180.73665
64.0,4.75,descending,180.70332
64.0,5.0,descending,181.08667
64.0,5.25,descending,181.31999
64.0,5.5,descending,181.9775
64.0,5.75,descending,181.8
64.0,6.0,descending,182.4725
64.0,6.25,descending,182.52333
64.0,6.5,descending,182.86665
64.0,6.75,descending,182.92749
64.0,7.0,descending,183.43666
64.0,7.25,descending,183.12334
64.0,7.5,descending,183.59001
64.0,7.75,descending,184.66667
64.0,8.0,descending,187.42
64.0,8.25,descending,192.02998
64.0,8.5,descending,195.73749
64.0,8.75,descending,202.73999
64.0,9.0,descending,203.015
64.0,9.25,descending,203.14
64.0,9.5,descending,215.89665
64.0,9.75,descending,223.06999
64.0,10.0,descending,233.03667
64.0,10.25,descending,243.52998
64.0,10.5,descending,247.75998
64.0,10.75,descending,248.79665
64.0,11.0,descending,249.55666
64.0,11.25,descending,252.75665
64.0,11.5,descending,256.8
64.0,11.75,descending,259.76663
64.0,12.0,descending,261.25
64.0,12.25,descending,260.5175
64.0,12.5,descending,258.7825
64.0,12.75,descending,257.7
64.0,13.0,descending,257.68335
64.0,13.25,descending,259.4
64.0,13.5,descending,261.565
64.0,13.75,descending,262.4
64.0,14.0,descending,262.498
64.0,14.25,descending,262.66
64.0,14.5,descending,263.34668
64.0,14.75,descending,264.1
64.0,15.0,descending,264.21667
64.0,15.25,descending,262.835
64.0,15.5,descending,261.758
64.0,15.75,descending,261.59335
64.0,16.0,descending,262.35544
64.0,16.25,descending,263.0
64.0,16.5,descending,263.44232
64.0,16.75,descending,263.87726
64.0,17.0,descending,264.2257
64.0,17.25,descending,264.71198
64.0,17.5,descending,265.1225
64.0,17.75,descending,265.6144
64.0,18.0,descending,266.10452
64.0,18.25,descending,266.3211
64.0,18.5,descending,266.6022
64.0,18.75,descending,266.2511
64.0,19.0,descending,265.88397
64.0,19.25,descending,264.39886
64.0,19.5,descending,263.3018
64.0,19.75,descending,260.89856
64.0,20.0,descending,253.73198
64.0,20.25,descending,245.56445
64.0,20.5,descending,236.95798
64.0,20.75,descending,222.21375
64.0,21.0,descending,210.51099
64.0,21.25,descending,198.58499
64.0,21.5,descending,191.726
64.0,21.75,descending,190.02428
64.0,22.0,descending,193.181
64.0,22.25,descending,196.31332
64.0,22.5,descending,208.405
64.0,22.75,descending,214.01776
64.0,23.0,descending,229.953
64.0,23.25,descending,237.43109
64.0,23.5,descending,250.4127
64.0,23.75,descending,258.615
64.0,24.0,descending,263.82834
64.0,24.25,descending,266.22223
64.0,24.5,descending,267.25418
64.0,24.75,descending,267.026
64.0,25.0,descending,266.66727
64.0,25.25,descending,265.93182
64.0,25.5,descending,265.32748
64.0,25.75,descending,264.94583
64.0,26.0,descending,264.43076
64.0,26.25,descending,264.08142
64.0,26.5,descending,263.22437
64.0,26.75,descending,262.02768
64.0,27.0,descending,260.6
64.0,27.25,descending,260.82666
64.0,27.5,descending,260.8975
64.0,27.75,descending,260.92667
64.0,28.0,descending,260.65747
64.0,28.25,descending,260.78
64.0,28.5,descending,261.12668
64.0,28.75,descending,260.645
64.0,29.0,descending,260.58002
64.0,29.25,descending,259.88748
64.0,29.5,descending,259.35
64.0,29.75,descending,259.3933
64.0,30.0,descending,262.26642
64.0,30.25,descending,262.27713
64.0,30.5,descending,261.35583
64.0,30.75,descending,260.07544
64.0,31.0,descending,258.62634
64.0,31.25,descending,258.952
64.0,31.5,descending,259.74625
64.0,31.75,descending,261.01898
64.0,32.0,descending,262.00626
64.0,32.25,descending,262.369
64.0,32.5,descending,261.81427
64.0,32.75,descending,260.92444
64.0,33.0,descending,258.74777
64.0,33.25,descending,256.20886
64.0,33.5,descending,255.52374
64.0,33.75,descending,255.34625
64.0,34.0,descending,254.31334
64.0,34.25,descending,252.51749
64.0,34.5,descending,249.37143
64.0,34.75,descending,248.28714
64.0,35.0,descending,247.86125
64.0,35.25,descending,249.13625
64.0,35.5,descending,251.2325
64.0,35.75,descending,250.56142
64.0,36.0,descending,249.80142
64.0,36.25,descending,244.42332
64.0,36.5,descending,240.84665
64.0,36.75,descending,237.58858
64.0,37.0,descending,233.15141
64.0,37.25,descending,233.40999
64.0,37.5,descending,236.15201
64.0,37.75,descending,241.86899
64.0,38.0,descending,249.72
